gis_spread_split/user_files/wind_speed.asc
ncols 438
nrows 399
xllcorner 1138464.4323428
yllcorner 4858316.0529076
cellsize 2775.096284
NODATA_value -9999
[rows 0 to 25 of 399, columns 0 to 57 of 438]
4.71984577 4.43165684 3.85469055 4.18158245 5.09142351 5.47507811 5.61288357 5.61288357 5.02661085 3.42284083 3.75851035 4.75322723 4.90670872 6.08655548 4.3536191 2.28280878 3.96752024 5.72139549 3.14706731 3.38954854 2.31885839 2.31885839 3.21691775 4.45717239 3.33947301 3.30043626 4.58332443 5.66848564 3.66705561 2.14131927 6.67554951 10.65454006 9.11767101 6.33119154 3.80119777 3.80119777 1.58930933 7.16843081 8.94670582 7.61338282 3.92845607 0.54951614 0.46938258 4.43399572 7.91508961 6.79780674 3.53643894 0.14843181 3.09934711 3.09934711 0.95042729 4.52427053 3.82431173 1.52947044 3.92069578 4.63408232 3.44717622 8.89032364
4.69382572 4.32734394 4.06337786 4.2936697 3.82685256 3.78941679 5.84310055 5.84310055 7.79838467 9.45834446 9.25767136 6.73854208 5.43552303 6.61900902 5.02261305 1.90935802 1.86680043 3.9096067 0.78625184 3.99859381 3.19265413 3.19265413 2.12186337 2.6161375 1.13042295 1.10197639 5.86888313 6.26234484 3.05512547 2.00568795 2.59923983 7.85988092 8.49699116 7.24530745 5.03807116 5.03807116 5.13981152 7.32739305 7.73070145 6.09038734 2.94694686 2.09728956 3.96081805 6.30411291 6.94529486 5.54411697 2.96863604 1.73772264 2.96710777 2.96710777 3.45618749 5.20196867 4.08722878 1.94932604 3.31376052 3.51493502 4.18901443 6.92146206
4.32239914 4.20214224 4.37248135 4.41994381 3.46536231 3.45768714 3.05999994 3.05999994 2.57116628 6.37210178 9.15235806 6.99049187 4.04499674 5.44171906 7.19999981 5.08976841 4.0681591 4.62778568 1.8581022 4.34408283 2.21041179 2.21041179 2.77293491 2.9598918 1.95861173 2.6208396 7.7057662 6.32617426 3.65750074 4.90710497 1.69658947 4.54940891 6.89068604 5.9955945 8.00107574 8.00107574 9.84038734 8.44857979 6.0703516 4.18901443 2.35077524 2.22064853 5.5222168 6.71590567 4.8731823 5.12073898 3.61024547 3.73637676 4.43034077 4.43034077 5.09752893 5.15252924 2.54762006 1.584409 3.22837925 4.8368783 8.42469215 8.09455776
3.64241028 3.72265077 4.08722878 4.56519175 5.21304369 5.58185768 3.06571221 3.06571221 1.22241068 2.3177402 4.52068853 4.17987728 3.51622534 3.93307209 6.91584253 7.80004597 7.72600603 6.94883919 3.44284987 1.92456961 3.14212155 3.14212155 4.96917391 6.48199987 5.50611734 4.09134912 9.32462502 6.55763483 1.4332341 3.42964959 2.02113628 5.95786428 5.50988197 3.03853655 9.84249496 9.84249496 11.74532795 8.53329086 6.65221167 6.27320004 3.62171459 3.30436087 5.85473347 6.16273308 4.08960629 4.37159204 4.72972059 5.41593647 6.09006786 6.09006786 6.1145978 4.18855 2.3132627 3.17127109 3.47134089 7.14525175 12.49454117 9.58560467
2.89883828 3.10623884 3.56708956 3.89399529 4.79462719 4.95768499 4.73957443 4.73957443 3.82143021 3.56327271 4.98856592 4.86892509 3.204 1.85845101 2.79597425 5.30361986 6.24638891 6.00261545 4.22428989 1.81612778 3.33481264 3.33481264 4.44319344 9.39896488 6.18634605 3.61150169 9.53123379 7.28161716 2.12522006 2.25654244 3.05470133 7.3186326 6.71262455 3.63760352 11.97415447 11.97415447 12.3144207 7.22963905 2.74592924 2.74758077 4.19334316 5.9847765 6.99104786 6.03792 4.77010202 5.30508566 7.48012066 10.18138313 11.94440746 11.94440746 10.58302021 7.04837322 6.4479208 4.68885326 2.5772078 1.91613364 10.80150032 15.1797533
2.31885839 2.60894465 3.23639798 3.38572288 2.64275312 1.37791145 2.5212853 2.5212853 3.86006641 5.15516996 4.72711658 7.63921356 7.31021643 2.76919341 0.62145633 0.61516827 2.59824252 2.90798903 2.8775239 4.36551046 4.42082357 4.42082357 3.51788354 10.85386562 5.62026739 5.26782227 7.77441645 6.36548805 5.65429258 5.43027496 4.9267416 6.1975441 9.70619011 7.66935205 11.33497047 11.33497047 9.54780769 6.12042332 4.75690651 5.10565805 7.38877535 8.2377882 6.87665987 5.98683357 6.00941277 7.46876383 10.39452839 14.72875214 16.84938431 16.84938431 14.10997963 9.6174593 8.93503761 8.08791065 3.18777919 5.65795851 1.37838161 7.41678619
1.96158707 2.37954283 3.60880923 4.41319466 3.72908568 3.17127109 3.79983377 3.79983377 5.86170197 5.86976671 1.36847365 6.34917927 10.10568142 6.43524551 4.06098509 4.07118464 3.9575448 2.11298847 0.94701213 4.45848036 7.24950981 7.24950981 4.40569973 9.38578796 4.11251736 2.85763812 3.5428462 7.31119156 10.5428381 9.72806358 6.88061619 2.72318053 8.43798828 10.0327034 12.20394707 12.20394707 8.80286503 6.58809853 2.57595038 4.4763217 7.56394196 7.14017153 5.23895884 5.49516153 6.87826157 8.40798473 10.88683128 13.4507103 14.67815876 14.67815876 14.94975567 11.39842129 9.67784214 12.34233093 9.59438801 4.38579893 6.55733871 2.56612086
1.96158707 2.37954283 3.60880923 4.41319466 3.72908568 3.17127109 3.79983377 3.79983377 5.86170197 5.86976671 1.36847365 6.34917927 10.10568142 6.43524551 4.06098509 4.07118464 3.9575448 2.11298847 0.94701213 4.45848036 7.24950981 7.24950981 4.40569973 9.38578796 4.11251736 2.85763812 3.5428462 7.31119156 10.5428381 9.72806358 6.88061619 2.72318053 8.43798828 10.0327034 12.20394707 12.20394707 8.80286503 6.58809853 2.57595038 4.4763217 7.56394196 7.14017153 5.23895884 5.49516153 6.87826157 8.40798473 10.88683128 13.4507103 14.67815876 14.67815876 14.94975567 11.39842129 9.67784214 12.34233093 9.59438801 4.38579893 6.55733871 2.56612086
2.0268991 2.76849127 3.83328152 5.4738946 7.42831039 9.50645447 10.89539909 10.89539909 10.12086678 6.53655338 4.56646919 2.99579716 7.46451139 7.02101517 5.4515934 4.97008657 5.42251301 2.23664045 2.66618824 3.24719191 10.00217056 10.00217056 11.41659832 9.98699951 4.65681934 2.41495347 5.04128551 8.40536404 9.27997303 9.62197208 5.42752981 1.69238293 3.02164197 6.31027746 11.96002102 11.96002102 12.21758556 9.73585415 2.44852924 5.33249807 7.53673553 6.56780529 5.17023182 6.79904604 8.71802235 8.57170486 9.80707645 11.0118227 8.128829 8.128829 11.72307301 12.11596584 9.43948555 9.38578796 11.96034622 8.05145454 1.24967194 4.04803944
2.38035965 3.15344381 3.7842834 5.19124508 8.53890896 11.61969376 11.3168335 11.3168335 8.10199928 2.7210381 3.91225767 1.77608109 4.70334196 5.18499994 4.54014111 3.36672187 5.93945456 4.54684401 2.47039747 2.22064853 7.10961246 7.10961246 12.0617733 12.11869335 8.71319008 6.91359377 6.98186588 8.1974144 4.68968248 5.34984732 3.47432637 1.99662113 1.40400004 3.50699878 11.32787895 11.32787895 13.59790134 12.01429558 5.42824602 5.02106428 8.76605511 8.8464098 8.81139946 10.16297245 9.84328461 6.62879181 6.72053576 10.1902895 7.61108446 7.61108446 3.83649206 9.42767048 6.34713793 4.63841534 4.7275281 4.02588844 4.01040649 7.67484188
2.67589235 3.64472222 4.5532527 6.03083277 8.21754742 8.24871445 4.24647427 4.24647427 2.39339089 2.24271631 2.72484565 1.01950574 5.42251301 4.58332443 3.21066713 2.16389656 4.10415792 5.92383242 1.94699764 0.44529539 2.62824655 2.62824655 6.25136662 8.31046581 6.32965612 4.20630407 5.25600004 4.15562248 0.41982853 1.55967689 1.70268965 3.09934711 4.02379513 3.82363391 11.85466385 11.85466385 15.48891354 11.24779701 7.97844791 6.39828491 9.79266167 10.92883205 9.80132675 8.76250648 6.03566599 4.54983616 4.99349976 8.03727722 11.01064587 11.01064587 6.58052015 5.05040359 4.72259092 7.27921438 5.74761152 3.76901269 6.26410341 10.18666458
2.91688871 3.96212673 5.41198683 6.86128283 7.30897522 4.85399628 1.97705233 1.97705233 4.81122208 2.96601558 1.82502604 3.60017991 7.42839718 5.18012333 2.16748691 2.30681086 2.08333969 3.29336071 1.99953997 1.2594856 1.04462051 1.04462051 3.43267131 5.00865984 5.58696318 6.79637671 1.97344375 2.34442663 4.04819965 4.18622875 1.40030277 2.09450722 3.01412678 3.91490698 12.36184692 12.36184692 16.96730804 10.65241146 8.16374874 7.80959415 9.22611904 10.07517719 7.85575771 4.525846 1.51926827 5.93421555 5.44457579 5.53147936 9.69048882 9.69048882 11.31626129 9.09668064 3.04726768 1.8581022 6.7528553 11.36471558 10.57450581 10.51280117
2.85514283 3.57126522 4.68304539 5.46548319 4.72094393 2.38280845 4.14250374 4.14250374 5.44398069 0.86997932 4.2206068 5.46465302 8.25531101 7.26914787 5.87197399 5.22942591 2.13495469 1.51242852 0.56920999 0.324 1.46542549 1.46542549 2.06302309 4.21507597 3.32781005 9.39875793 6.03792 2.8856194 5.75392199 4.26945448 1.9228853 0.84733939 0.71729493 4.27415657 10.41837788 10.41837788 12.74420357 8.03800297 8.69532299 8.85109615 9.20277214 11.35342026 9.7267313 5.83877373 2.36643529 2.78203368 2.62824655 3.9439311 8.31444168 8.31444168 13.73129845 14.8224287 9.89554787 7.40734434 12.15206623 13.43798542 11.16005802 10.74833679
2.47432899 2.57041001 3.09683704 3.85267282 3.60287881 1.15256238 3.74469233 3.74469233 6.70219088 2.64740777 4.40275717 4.14891195 7.99532366 7.71240664 3.75126219 3.63885045 1.27685869 1.73174596 1.94066381 1.42643607 2.64201736 2.64201736 3.28370523 3.02442861 3.60287881 6.48089981 4.95402384 2.30652976 5.02403164 4.35823107 2.07804513 1.21015704 2.37599993 4.76643276 6.42395782 6.42395782 6.36416483 5.06462574 8.24706459 7.24709606 8.04960346 12.62656021 14.04779816 10.73892689 7.31092548 3.88866663 0.61936742 5.0351119 9.09717941 9.09717941 12.82327843 14.52674675 11.12609673 7.434937 10.28428745 10.55561543 7.53467178 9.90425396
1.84163845 1.6119802 1.74144769 2.2608459 3.51438189 3.64329958 0.90645683 0.90645683 6.51391125 5.07651043 6.31181765 6.52405024 9.89155293 9.13719463 2.11880732 4.31594801 2.04915595 1.99694562 2.94144464 1.07398319 3.31551981 3.31551981 4.6367383 1.37083912 0.21600001 1.8014394 1.91342628 4.85466385 7.01076317 7.19324684 5.17298841 3.26510286 3.71376252 4.58459663 3.16513515 3.16513515 2.89883828 1.6422472 5.24167919 4.3956871 3.63760352 8.76627731 14.83064556 13.9104023 11.05833054 8.47584057 4.23547316 6.12857056 8.52113247 8.52113247 10.33105946 12.3144207 10.02281666 6.64519453 9.97921085 10.04374218 6.67399597 7.2773447
1.36847365 1.00864267 1.48125887 1.93196273 2.83647108 5.27089691 3.02828264 3.02828264 5.66585541 8.5652771 10.82834244 11.48947239 13.28029251 14.01736641 7.159657 5.65142679 1.08000004 4.74244499 7.60631514 5.11212683 2.90196633 2.90196633 3.17310953 2.78599072 6.86458731 8.50042248 9.775177 10.57769203 10.79327774 9.21712494 6.31633329 4.04803944 4.59589052 4.89824963 3.06190538 3.06190538 1.01056814 0.94495714 3.55252695 3.05470133 1.32761443 7.70433664 13.24878216 10.88254452 10.25949478 13.1018734 12.49703026 10.53865814 8.01960087 8.01960087 6.80961657 10.9103756 11.64988041 7.96186209 8.2835207 9.74164295 8.59435463 6.78177309
1.44897211 0.75685668 1.21015704 2.06741571 2.79713273 5.81920815 6.80695152 6.80695152 5.60722399 9.683465 13.04869652 12.68288708 10.76183224 14.36440563 12.4359026 8.55695057 5.11820745 5.41019058 6.45214033 8.6137104 3.96588659 3.96588659 4.3536191 7.84188747 9.03686047 10.13257694 11.72705173 13.94952393 14.54172802 12.37908077 7.88473988 5.83622074 4.96460772 4.93213129 5.80705786 5.80705786 5.43874121 5.84542894 6.70074034 6.57155323 5.42561913 7.673491 8.61972618 6.03792 10.16278172 13.34906006 14.48081779 13.61947155 10.50762272 10.50762272 5.3975997 6.91134357 11.42839813 10.65606117 9.66819572 9.97148037 11.11613274 10.29052258
1.66769779 0.82878226 0.74911147 1.83564699 3.38189292 5.64236116 8.69055176 8.69055176 8.33716774 10.16507626 13.99738121 12.91637611 7.80004597 10.04251575 12.37321663 11.43656063 9.77696609 7.74677849 3.05999994 7.87281418 8.26872253 8.26872253 5.4034791 8.90590858 8.69398117 4.76779175 1.59419441 8.45785522 12.96729755 13.96317482 11.20872593 7.04027843 4.37958908 2.62503934 3.27916336 3.27916336 7.35889673 11.65494061 12.44085217 11.37879086 10.43391514 10.11913872 9.93893433 11.81354141 11.71195698 7.06921196 7.06187534 10.1824646 12.89151955 12.89151955 11.08379173 6.94016123 8.52622604 10.07517719 12.26480389 13.27653408 13.67265606 12.80153084
1.87199998 1.20155895 0.48965293 1.99694562 4.16636801 5.76809454 8.54687309 8.54687309 11.4310627 12.09353542 13.2341013 12.33082771 8.50430965 8.63046932 10.57107353 8.64877033 4.76575279 2.89794421 5.40959167 8.80087757 8.83174706 8.83174706 6.09081268 5.71266794 6.47930002 7.20647717 8.70016575 10.44099331 11.22628689 12.5137682 9.77981567 3.93735337 3.5097692 4.8731823 3.29080176 3.29080176 3.43663335 11.64988041 15.86526203 14.81718159 12.01515865 9.24646568 11.44165897 14.34815693 10.73144245 4.92055607 3.4623692 7.01741505 11.93946934 11.93946934 14.36201477 12.57142448 10.78967476 9.98920536 11.42533588 12.69412231 12.17651749 9.97985935
2.0275383 1.50383508 0.92555714 2.50685143 4.16636801 6.71436214 10.06488132 10.06488132 12.72832966 11.75238705 8.3824358 6.66009712 5.98293591 6.33763599 9.94747162 11.43077946 9.08285046 6.66534901 6.77575111 6.87307787 4.1235323 4.1235323 5.5071764 6.34100962 4.88128662 2.41629457 6.05849075 8.83651543 9.09140778 10.18723679 5.69631052 2.25510621 2.09295964 4.25120211 4.54684401 4.54684401 2.99514818 9.59857464 16.66057205 17.51672935 13.22866535 5.99862003 8.57563496 10.16074085 10.69224262 10.0550909 8.57571125 9.30117702 9.71346474 9.71346474 11.52101231 12.18928337 11.01023388 9.01906013 9.30779266 9.64531326 8.91935825 6.96746492
1.83741117 1.51926827 1.67002749 2.53768086 3.71079516 7.1945982 12.57394981 12.57394981 14.07245445 9.13747787 4.27248859 3.5281837 2.42512846 2.35848093 4.43034077 7.61857319 8.00350571 5.62752676 8.75836468 6.70808601 1.54632473 1.54632473 7.37920952 11.02946281 11.28684711 6.59153986 4.2914052 5.52163029 3.83429575 4.48629904 2.01889086 5.12061262 3.72908568 4.3027153 6.50764084 6.50764084 4.60377932 8.33405876 14.60633183 16.40608978 13.65880966 6.51162291 7.77141523 8.9929409 9.93684769 13.79565811 13.57013798 10.23166656 6.9778738 6.9778738 6.6732192 9.15002155 10.10548878 8.27874756 7.67577076 8.28821373 8.60452747 8.07756901
1.83741117 1.51926827 1.67002749 2.53768086 3.71079516 7.1945982 12.57394981 12.57394981 14.07245445 9.13747787 4.27248859 3.5281837 2.42512846 2.35848093 4.43034077 7.61857319 8.00350571 5.62752676 8.75836468 6.70808601 1.54632473 1.54632473 7.37920952 11.02946281 11.28684711 6.59153986 4.2914052 5.52163029 3.83429575 4.48629904 2.01889086 5.12061262 3.72908568 4.3027153 6.50764084 6.50764084 4.60377932 8.33405876 14.60633183 16.40608978 13.65880966 6.51162291 7.77141523 8.9929409 9.93684769 13.79565811 13.57013798 10.23166656 6.9778738 6.9778738 6.6732192 9.15002155 10.10548878 8.27874756 7.67577076 8.28821373 8.60452747 8.07756901
1.64500701 1.59906471 2.13161349 2.83487153 4.31714916 8.15223122 11.91050625 11.91050625 10.47575283 5.29310179 1.36800003 5.69665146 6.57727003 5.64236116 4.63282394 2.11880732 1.83564699 2.20659733 8.70694065 8.92945194 3.45468736 3.45468736 3.02164197 8.20247173 9.139534 4.03457069 2.33999991 2.60819936 1.80323708 4.00636482 6.01534033 5.76281166 7.7383256 10.60119057 12.64988995 12.64988995 6.9330616 5.12073898 9.81658649 11.6268301 11.97198963 9.65129089 9.33504391 11.71676922 13.28746319 12.93121815 12.22331238 10.09471035 7.64099455 7.64099455 7.21600199 10.81163406 11.5340538 10.9103756 9.13102245 7.25111866 6.51391125 6.98594809
1.81184101 2.12186337 3.05999994 4.70334196 7.26825666 9.99795914 9.325737 9.325737 3.30925965 4.41319466 3.31512904 1.99694562 3.54960728 1.08836758 1.54967356 2.49856591 2.57292986 3.51050758 6.69290257 6.25457907 1.63631785 1.63631785 2.17911553 6.2793951 7.55116606 4.50575638 3.20784044 0.72894442 1.15256238 5.01124668 9.08285046 6.09421635 5.69323826 13.8594389 16.88311768 16.88311768 8.40590382 2.30512476 6.45314455 8.11095238 10.21207714 11.58624077 12.45272255 15.36495876 15.4590559 11.09173965 9.33594608 9.0448885 9.6647768 9.6647768 11.00923347 12.84029675 11.96695423 13.06537151 11.36283398 6.11120558 3.75247121 5.42561913
2.40338755 3.09934711 4.11425018 5.98910618 8.68204784 9.93626118 5.97057581 5.97057581 2.98821688 8.62679005 6.87637711 3.08866572 4.09578133 4.33093596 5.06385803 4.6812458 5.23239899 5.65142679 6.66943121 5.66757107 2.00374842 2.00374842 2.75958252 3.66723228 6.30010271 6.00984383 7.86416674 11.66988754 12.83469391 9.21156883 5.59669781 5.91123962 5.01228094 6.87779045 10.20230103 10.20230103 6.15863085 1.54841852 4.12384653 6.77029753 10.52345943 11.93604946 12.15441227 14.51996517 14.07834721 11.89068604 10.09503174 8.65498734 10.46479797 10.46479797 10.99998856 10.46479797 10.18265629 12.77776909 13.29999065 8.00674343 3.71916771 5.64236116
3.24319839 3.81752801 4.069911 4.53156948 5.2694211 4.6367383 3.04726768 3.04726768 7.19657898 9.88329506 6.46658611 4.35614872 5.31838322 5.11276054 7.49085522 9.42086411 8.75518227 7.37429047 7.79439497 8.1827774 5.25205326 5.25205326 1.8104099 2.75981736 6.79790211 8.31755829 8.14746094 13.0737505 17.32587624 16.03103828 11.26984024 7.66740847 8.31631184 9.26942348 8.17485428 8.17485428 4.48846531 0.58048254 1.5629971 5.89741087 11.01694107 12.32341576 10.70223713 11.79833794 12.24465752 13.84615421 13.8132143 11.09641266 9.5310297 9.5310297 7.74460316 7.15739393 7.70273829 9.40316963 11.06881428 8.76879025 5.71028566 5.91978359
