gis_spread_split/user_files/wind_dir.asc
ncols 438
nrows 399
xllcorner 1138464.4323428
yllcorner 4858316.0529076
cellsize 2775.096284
NODATA_value -9999
[rows 75 to 99 of 399, columns 0 to 55 of 438]
7.6960516 4.28915358 -0.93155658 -6.59991693 -7.76516628 2.12109637 118.967659 118.967659 108.43495178 30.96375656 -5.07370472 16.60698128 49.23639679 49.41443634 28.69829178 -1.71835804 -14.48976231 -9.59096146 20.13630295 52.32975006 57.37557983 57.37557983 48.68348694 38.06864166 33.04023743 21.49291801 -10.4313736 -30.05244827 11.58061886 11.30993271 -23.70884514 -26.43394089 12.02668953 14.28896427 -8.14833164 -8.14833164 -32.37493134 -39.63941574 29.74488068 139.89909363 -159.10223389 -91.23641205 -38.33869934 -11.76047993 3.59582615 19.96776962 23.47099304 3.5291903 -5.6896596 -5.6896596 -1.34112775 6.36281157 21.0727272 33.16988754 26.06466484 12.62822247
3.60846877 -1.04162669 -10.45163345 -17.49575806 -2.353297 54.83356476 101.14289093 101.14289093 56.30993271 -25.62586021 -18.18180275 21.25050545 47.44342041 42.22257233 21.80140877 -4.13822031 -15.66984272 -0.85722947 49.52095795 71.81272888 65.93563843 65.93563843 35.56144333 8.59000778 15.59005165 24.29096222 18.62572289 -53.40891266 -106.75026703 -80.53768158 -78.76823425 -102.69536591 -101.63363647 -37.31809616 -29.29541969 -29.29541969 -37.3666687 -26.79377556 39.80557251 62.57125854 -6.53663349 -48.32740402 -43.03303909 -33.99382019 -26.06309891 -10.20397377 46.73570633 -100.00798035 -19.65382385 -19.65382385 9.32359219 18.9912014 44.64413071 82.94215393 83.6598053 78.97654724
3.60846877 -1.04162669 -10.45163345 -17.49575806 -2.353297 54.83356476 101.14289093 101.14289093 56.30993271 -25.62586021 -18.18180275 21.25050545 47.44342041 42.22257233 21.80140877 -4.13822031 -15.66984272 -0.85722947 49.52095795 71.81272888 65.93563843 65.93563843 35.56144333 8.59000778 15.59005165 24.29096222 18.62572289 -53.40891266 -106.75026703 -80.53768158 -78.76823425 -102.69536591 -101.63363647 -37.31809616 -29.29541969 -29.29541969 -37.3666687 -26.79377556 39.80557251 62.57125854 -6.53663349 -48.32740402 -43.03303909 -33.99382019 -26.06309891 -10.20397377 46.73570633 -100.00798035 -19.65382385 -19.65382385 9.32359219 18.9912014 44.64413071 82.94215393 83.6598053 78.97654724
0 -4.12759161 -13.69005013 -24.9047699 4.28915358 59.03624344 57.80426788 57.80426788 -36.09828568 -56.92932129 -37.07307434 12.36249256 29.65186882 26.56505203 17.05951881 4.08561659 -3.48799896 16.98295403 63.95311356 71.4099884 50.06616974 50.06616974 8.13010216 -12.65850925 6.47951269 38.93507767 53.01847076 57.04257584 -106.08164978 -87.73950195 -79.93930817 -109.95379639 -108.58300018 -79.45611572 -54.92904282 -54.92904282 -43.63856506 -22.95590782 12.77349949 25.129179 4.729527 -23.22508049 -33.32629013 -37.30394745 -44.44157791 -71.93154144 -145.81387329 -156.98243713 -163.25802612 -163.25802612 165.96376038 64.98310852 123.69007111 154.65382385 155.43283081 150.94540405
-1.86767888 -4.18491602 -4.61064959 -9.68878651 9.46232224 41.09950638 29.74488068 29.74488068 -12.70711327 -51.45398712 -47.68700027 -17.98143005 2.8713634 15.43817139 24.24090576 21.84911728 17.95410538 39.21628571 68.37680817 60.31040573 25.80030251 25.80030251 1.15087652 -1.38035405 38.04704285 75.92399597 75.58640289 66.42529297 -48.60847092 -63.71858978 -36.65610886 -34.46728897 -61.04426575 -63.29188919 -58.91249466 -58.91249466 -53.92582703 -40.57944489 -13.84797764 0 -19.81379318 -39.70991898 -36.14204025 -35.34010696 -42.1546402 -56.77637482 -88.36342621 -119.74488068 -145.84030151 -145.84030151 -162.34988403 -147.09475708 -152.52557373 -167.38067627 -168.69006348 -176.87786865
-0.65854317 -2.26050186 3.52145338 6.70983696 4.51398849 15.35013676 13.91687775 13.91687775 -3.77228355 -25.82782936 -34.24583054 -27.50305939 -14.21349239 14.90825844 42.81268311 41.66088486 36.12671661 46.12330246 56.54669189 40.17923355 9.81423092 9.81423092 4.54533529 27.74018478 61.41281891 76.57507324 65.66199493 42.87890244 -7.44371653 -45.31138611 -32.08973312 -16.62620926 -25.83675385 -42.36481476 -53.67749786 -53.67749786 -66.95803833 -78.69007111 -84.80557251 -92.2457428 -97.3343811 -93.72563171 -68.68875122 -43.59520721 -40.95279694 -45.56726837 -49.39870453 -59.13319016 -90.84252167 -90.84252167 -119.05460358 -109.35899353 -123.69007111 -147.89373779 -155.22485352 -169.46081543
-0.6510604 -4.28915358 -2.32153058 0.81845546 -0.97102195 -3.46822929 -5.06942034 -5.06942034 -12.18657684 -22.12633514 -27.41899109 -21.15071869 -3.52463508 27.60088539 46.6532402 42.50387955 34.95065308 36.02737427 38.76292038 27.13903427 5.12659645 5.12659645 6.13864946 35.35120773 50.20550156 46.5301857 32.13829803 21.39871979 5.24181986 -20.93436813 -27.70755005 -18.65963745 -16.51071548 -26.38141251 -37.76016235 -37.76016235 -56.6893692 -76.92442322 -82.3132782 -82.54294586 -85.32450867 -85.14339447 -73.25803375 -50.60616684 -43.1631546 -49.93416595 -58.78159714 -67.38013458 -81.78722382 -81.78722382 -95.7928009 -102.63336182 -125.34011078 -148.06932068 -160.2011261 -171.19320679
-2.43664837 -6.63251448 -11.02345562 -11.61148643 -7.02839613 -4.76364183 -11.12145996 -11.12145996 -17.1027298 -19.60844231 -14.41010952 7.81529379 28.89286613 38.02900314 35.91802979 28.73979568 24.21243858 24.64441681 27.73418999 23.2416172 7.99636793 7.99636793 3.98252058 35.19643402 45.13355637 35.28250885 22.07369804 16.85463524 9.73141956 -5.4624939 -14.97186852 -12.24829197 -8.45502758 -14.15763283 -20.6895237 -20.6895237 -32.57405853 -48.28386307 -49.11819077 -47.72631073 -63.20156479 -76.56005096 -74.36650085 -54.2273674 -41.16040421 -48.05288315 -59.42077255 -69.99030304 -79.69515228 -79.69515228 -83.84483337 -86.5526123 -104.56027985 -127.16447449 -139.48460388 -146.07020569
-2.22396135 -5.24713898 -11.30993271 -20.82089233 -19.91640663 -12.04257488 -9.33499813 -9.33499813 7.85331345 52.19347 67.93209839 65.128685 56.82148743 42.80302811 18.49675751 9.91429806 13.05692387 16.38953972 20.40711021 21.28199005 14.68613815 14.68613815 10.02110577 37.29391098 46.91289902 33.92256927 21.22541046 16.81630898 11.12450981 1.14882553 -3.58751631 0.3933287 2.29826283 -4.41651583 -8.59301662 -8.59301662 -18.81819344 -39.16521072 -43.58308029 -35.8219223 -51.3989563 -78.99645996 -83.9667511 -68.08830261 -45.83637619 -45.18663025 -54.63753891 -64.99935913 -75.63542175 -75.63542175 -82.21298218 -83.51692963 -93.66778564 -111.80140686 -121.42956543 -124.99201965
-3.01278758 -5.05724859 -8.82974434 -19.04662514 -29.56035423 -35.43331528 -48.57633591 -48.57633591 118.14160156 94.62415314 77.0840683 64.46256256 54.75453186 37.12369919 -0.31138703 -7.72863722 4.93737745 14.14016533 20.11039925 25.02634048 26.07535553 26.07535553 28.2720356 39.17365646 39.5747757 28.35729408 22.43745995 20.40757942 14.22730827 6.72135925 6.43804979 10.78429794 7.60686779 -0.39513704 -1.4851135 -1.4851135 -6.26057768 -26.09542465 -38.32352066 -30.62999916 -30.48330116 -58.14033508 -73.27998352 -69.32987976 -55.2157402 -50.92061996 -56.30993271 -64.31185913 -75.67728424 -75.67728424 -85.5587616 -89.20427704 -97.23692322 -112.96377563 -123.94358826 -126.09828186
-5.11041784 -9.67825985 -12.92599964 -18.0834446 -28.39301872 -45 -111.03751373 -111.03751373 148.33924866 106.65784454 76.42165375 57.34382248 45.7805481 27.75854111 -5.71059322 -17.61257744 1.59853709 24.34108925 40.74311447 50.61220551 51.50305557 51.50305557 46.57366562 34.71066666 19.50244904 15.48416996 22.58385277 26.17146492 20.23058128 14.00867081 13.8846674 13.87937641 7.1717124 0.39377922 0 0 0.4228394 -7.82907677 -22.9727211 -27.39737701 -23.64432907 -33.69006729 -50.30403519 -58.75078583 -58.6611557 -59.1494751 -60.15406799 -61.69924545 -70.68364716 -70.68364716 -79.11447144 -78.48616791 -82.56859589 -97.96961212 -110.1706543 -115.60218811
-8.71473312 -14.5344553 -19.83213043 -22.78240585 -28.39301872 -36.86989975 -82.87498474 -82.87498474 142.90716553 105.10109711 70.39155579 49.22818375 36.18709946 20.55604553 -1.69715619 -14.03624344 13.86968613 59.84545135 79.03661346 83.27664948 74.11986542 74.11986542 49.31250381 19.49737358 1.4086287 3.78264546 22.70085907 29.24882698 23.38207054 18.54506302 16.25519371 11.6893692 7.19528913 4.8689971 0.94305521 0.94305521 2.07837033 7.15452003 -1.55656743 -29.99273491 -36.57303238 -33.50856018 -38.92754364 -50.71059418 -59.33992767 -62.24145889 -57.89374542 -48.94518661 -56.53462219 -56.53462219 -66.57130432 -64.48612976 -63.43494797 -77.2756424 -95.19442749 -110.72556305
-13.02584076 -17.91644859 -23.37416458 -27.73418999 -33.51102066 -37.7939415 -33.69006729 -33.69006729 107.81889343 79.46081543 49.68590164 33.69006729 24.96278954 17.1027298 7.12501621 9.46232224 38.95590973 69.12098694 81.06043243 76.94833374 54.70665359 54.70665359 22.69379425 4.38191795 -2.8624053 3.55785179 23.66314125 29.98892212 26.05021286 23.69960213 18.83375359 10.00798035 9.81559944 14.41460609 5.65707064 5.65707064 0.2689923 14.09263706 13.97522545 -20.18179131 -42.11485672 -39.80557251 -35.59922028 -41.58001709 -51.91122818 -56.21884155 -50.1325531 -37.03039169 -42.82525635 -42.82525635 -55.75096893 -56.30993271 -56.97613144 -77.90524292 -109.65382385 -128.99099731
-18.99665451 -22.58731079 -25.95337677 -30.06858253 -38.56526184 -47.38594437 -55.00798035 -55.00798035 93.36646271 61.38954163 36.60707474 26.31808853 24.77514076 34.38034439 69.44395447 47.60256195 34.91940308 42.81420135 52.96378708 42.92497253 20.44954872 20.44954872 5.42200041 2.81910586 6.69422913 12.87500191 21.03751183 26.15186691 28.7012043 28.85566139 21.45339966 9.3578949 13.7607851 24.0799942 13.20792866 13.20792866 -1.78991067 12.47288227 18.28915787 -5.23954391 -29.3933773 -32.66589355 -28.15280151 -30.23457718 -38.7093277 -45.25240326 -45 -39.05313873 -41.90594101 -41.90594101 -44.21517563 -36.02737427 -27.75854111 -33.69006729 -135 -148.39250183
-23.62937737 -27.15979576 -30.04643631 -33.99645996 -43.70783234 -54.81930161 -67.93209839 -67.93209839 -83.99099731 11.30993271 34.28687668 36.60707474 37.2664032 53.88066101 92.38594818 72.8972702 35.94211197 24.37646866 20.49259567 13.16579437 3.3806324 3.3806324 -0.49179718 7.28895235 16.62620926 12.44510365 7.07353783 11.56013107 22.20940971 25.29419327 18.56606102 9.42065239 19.20111656 32.05737686 21.95640182 21.95640182 2.9273479 9.62524796 16.90231705 0.29083902 -17.43279266 -21.1000843 -20.98920059 -26.0609951 -34.04593658 -42.51044846 -50.11041641 -59.88626862 -66.44773865 -66.44773865 -55.84030533 -25.46334457 26.56505203 85.91438293 111.80140686 153.43495178
-28.00917625 -30.79323387 -33.98616791 -40.34174728 -51.24191666 -62.1027298 -78.05582428 -78.05582428 -90 -83.6598053 -82.40535736 41.63354111 39.4724617 44.27477646 61.69924545 65.0952301 44.02898026 14.79676247 -3.77228355 -5.94686317 -6.04409218 -6.04409218 -2.78302073 11.91514683 16.60698128 2.15296292 -11.3987627 -13.03335667 0.93155658 11.90605259 12.59333038 12.70402336 24.9047699 35.53767776 28.50243568 28.50243568 14.1842947 11.71247196 10.59733486 -4.34323978 -15.99358463 -16.46001434 -20.15174675 -34.94566345 -51.23448181 -65.28256226 -83.1182785 -108.75865173 -127.50414276 -127.50414276 -138.01278687 -171.86990356 131.98721313 120.69972229 128.88449097 151.38954163
-28.00917625 -30.79323387 -33.98616791 -40.34174728 -51.24191666 -62.1027298 -78.05582428 -78.05582428 -90 -83.6598053 -82.40535736 41.63354111 39.4724617 44.27477646 61.69924545 65.0952301 44.02898026 14.79676247 -3.77228355 -5.94686317 -6.04409218 -6.04409218 -2.78302073 11.91514683 16.60698128 2.15296292 -11.3987627 -13.03335667 0.93155658 11.90605259 12.59333038 12.70402336 24.9047699 35.53767776 28.50243568 28.50243568 14.1842947 11.71247196 10.59733486 -4.34323978 -15.99358463 -16.46001434 -20.15174675 -34.94566345 -51.23448181 -65.28256226 -83.1182785 -108.75865173 -127.50414276 -127.50414276 -138.01278687 -171.86990356 131.98721313 120.69972229 128.88449097 151.38954163
-35.46336365 -36.15818405 -38.85337448 -46.4202652 -57.42594147 -70.60218811 -94.84400177 -94.84400177 -109.60408783 -104.65675354 -96.483078 -56.30993271 24.44395447 45 60.75117493 51.07245636 29.74488068 8.63713169 -8.74616241 -13.34872723 -11.5048151 -11.5048151 -6.77565622 3.92590785 6.29067087 -5.05382586 -18.56312752 -27.40757561 -26.81634712 -13.03865623 4.23639488 15.62423515 26.02959251 33.59552002 30.09734535 30.09734535 20.51931763 15.98964024 10.1491518 -5.36773682 -20.89776611 -24.28582573 -29.05460358 -51.11550522 -84.3693161 -116.93952942 -136.02302551 -144.86581421 -149.21585083 -149.21585083 -153.95819092 -167.125 164.64987183 141.51980591 140.9644928 158.45903015
-42.91743469 -43.53120041 -46.57654953 -55.20397568 -66.80140686 -81.86989594 -106.88679504 -106.88679504 -121.70143127 -114.88037109 -102.52880859 -73.6861496 -4.63546324 40.73210526 55.84030533 31.42956543 14.21585369 4.19766855 -7.36805105 -14.03624344 -16.77122307 -16.77122307 -16.26020432 -9.76177502 -6.44160032 -12.40741825 -21.39981079 -30.22545052 -36.10745239 -30.52970695 -11.6893692 4.12759161 16.42218781 26.56505203 27.1702652 27.1702652 19.68332863 15.7621479 12.57893562 -2.67542672 -34.87532806 -55.40771103 -56.79343033 -80.04937744 -130.0062561 -152.48799133 -154.98310852 -151.51416016 -148.97293091 -148.97293091 -149.43597412 -154.29005432 -169.63368225 166.80938721 157.83364868 166.90811157
-46.21887589 -47.29061127 -51.74557877 -61.38954163 -75.55596161 -91.63658142 -111.44773865 -111.44773865 -118.14160156 -108.0342865 -98.3658905 -83.1182785 -35.70669174 23.8387413 38.45370865 22.9321003 7.37376642 -2.5561502 -13.06931782 -21.68229103 -23.31770897 -23.31770897 -20.05609512 -17.05696487 -16.65430641 -19.62843895 -24.07549858 -28.07248688 -31.18497467 -27.12130356 -18.97040749 -11.92073822 -0.78482461 16.14433861 18.62786293 18.62786293 9.35297966 3.3664608 6.70983696 -8.97262669 -44.04515839 -68.7820282 -86.63353729 -136.50743103 -169.64094543 -170.39479065 -160.96195984 -151.57095337 -146.20834351 -146.20834351 -141.80131531 -140.3558197 -149.50663757 -174.28941345 171.31364441 174.80557251
-49.39870453 -48.36646271 -51.18861771 -57.68038559 -72.14968109 -91.66028595 -107.40270233 -107.40270233 -108.43495178 -98.74616241 -93.36646271 -91.30195618 -75.96376038 6.70983696 30.96375656 20.13630295 4.70785236 -10.06906319 -21.80140877 -27.73418999 -23.89516068 -23.89516068 -16.20902443 -16.50436211 -20.55604553 -25.36441803 -29.21924782 -31.52217674 -28.52311897 -23.45902443 -21.65598869 -19.59228134 -11.59217548 8.13010216 9.61972809 9.61972809 -3.01278758 -17.59242439 -13.73626804 -18.18904495 -38.85337448 -63.73336029 -108.43495178 -178.31532288 163.30075073 169.65132141 -173.04704285 -159.9047699 -149.10832214 -149.10832214 -134.40934753 -122.92786407 -127.34934998 -154.15560913 -173.38653564 -170.04937744
-47.41950989 -47.29061127 -52.69605255 -56.00354004 -65.82089233 -82.87498474 -96.66666412 -96.66666412 -101.30993652 -98.02723694 -91.66028595 -87.70938873 -85.60129547 -12.99461651 21.25050545 15.70863819 2.02136493 -13.39249802 -22.52056503 -24.09202003 -20.72555923 -20.72555923 -19.55199623 -25.72561264 -34.05578232 -42.78524399 -50.85601425 -54.55429077 -51.84277344 -40.10090637 -32.61924362 -24.44395447 -23.96249008 -26.56505203 -14.93141747 -14.93141747 -21.80140877 -36.38435364 -41.18592453 -42.51044846 -53.74616241 -85.91438293 -162.29957581 160.76933289 144.0475769 140.33215332 154.24952698 178.69804382 -150.33328247 -150.33328247 -120.77404022 -106.32685089 -114.62356567 -146.53462219 -160.2011261 -159.07550049
-41.63354111 -42.51044846 -50.04244995 -57.33908844 -64.48612976 -74.18080902 -84.21760559 -84.21760559 -93.77228546 -96.40435028 -91.78990936 -84.44702911 -71.07535553 -13.49573326 9.86580658 8.00472927 -3.09405804 -16.46001434 -21.52900696 -20.55604553 -20.0630722 -20.0630722 -27.89727211 -41.23147202 -52.64040756 -62.71579361 -70.76932526 -68.35556793 -58.81502533 -61.82141113 -68.19859314 -59.03624344 -57.99461746 -90 -90 -90 -80.53768158 -76.75948334 -86.42366791 -102.26477814 -120.7627182 -155.55604553 171.76438904 155.33618164 138.62149048 118.88658142 103.32453156 86.63353729 -62.52556992 -62.52556992 -78.54125214 -90.71616364 -125.53768158 -154.83213806 -157.81599426 -156.14952087
-39.20720291 -38.65980911 -43.40885925 -49.76364136 -57.52880859 -68.02548981 -79.14358521 -79.14358521 -91.38035583 -95.46909332 -92.2457428 -87.36756897 -74.53878021 -24.9047699 0 -2.33730578 -12.30801582 -20.92450142 -25.13295555 -25.78732872 -28.33913231 -28.33913231 -38.49104309 -49.82076645 -56.30993271 -61.82141113 -67.38013458 -63.9465065 -59.98163223 -69.67686462 -79.43898773 -83.01894379 -80.27242279 -72.64597321 -72.64597321 -72.64597321 -84.28940582 -93.57633209 -102.68038177 -120.25643921 -143.32565308 -174.9868927 157.09423828 145.98065186 130.52510071 89.07595825 42.0390625 14.03624344 -10.20397377 -10.20397377 -38.32011414 -86.63353729 -142.96960449 -155.82089233 -151.42539978 -146.30993652
-39.28940582 -39.28940582 -43.60281754 -46.33222198 -48.99091339 -58.87752914 -75.55596161 -75.55596161 -86.90594482 -86.46770477 -80.96051788 -76.13896942 -63.9465065 -30.3791256 -17.87869644 -28.73979568 -32.73522568 -31.66075134 -35.28675079 -40.07289124 -45 -45 -50.6306839 -55.64062119 -58.09189224 -60.39554977 -65.40988159 -73.30075836 -79.17698669 -83.10757446 -85.78582001 -89.3097229 -91.59114075 -85.73210907 -83.94580841 -83.94580841 -94.53777313 -104.74356079 -111.4129715 -128.82981873 -155.46228027 169.38034058 136.97492981 118.88658142 81.15818787 16.69924355 -4.15964222 -12.38075733 -19.7326889 -19.7326889 -47.20259857 -154.48612976 -164.59657288 -158.36911011 -145.96339417 -137.14089966
