gis_spread_split/user_files/wind_speed.asc
ncols 438
nrows 399
xllcorner 1138464.4323428
yllcorner 4858316.0529076
cellsize 2775.096284
NODATA_value -9999
[rows 78 to 103 of 399, columns 58 to 115 of 438]
1.50383508 0.45820519 0.20364675 0.91782349 1.45299137 1.45299137 1.75553071 2.34691286 3.48475528 5.05540514 6.09262133 6.2854805 6.41103315 6.69880581 6.93904066 7.37798023 8.33040333 8.84347916 8.84347916 8.27420712 7.06049871 5.96014786 5.15441561 4.27930832 3.33947301 2.77760482 2.55828071 2.49623084 2.38471127 2.25539351 2.05231571 1.94699764 1.94699764 1.95861173 2.09079123 2.34415007 2.60048604 2.86737227 3.13034439 3.27501082 3.55453277 4.10542059 4.69051123 5.25279331 6.10441542 6.82833719 6.82833719 7.23743248 7.60017872 7.93602037 8.04863739 8.3082037 8.63114548 8.66703224 8.56868076 8.57563496 8.59819889 8.66426563
2.24242735 2.01407051 1.35515022 0.83501375 0.82250351 0.82250351 0.95857394 1.3608762 2.05231571 2.81928492 3.42681432 3.91623092 4.47241163 4.67515135 4.39627647 4.27370214 4.35659504 4.33497381 4.33497381 4.24387932 4.34214306 4.63743734 4.80299902 4.28415108 3.21107078 2.42913318 2.43446255 2.72674751 2.67298484 2.31997585 2.08737922 2.12887573 2.12887573 2.20659733 2.36232424 2.70000005 2.85514283 3.0113306 3.36729932 3.68907785 3.79966307 4.0537982 4.58911753 5.31947947 6.12518597 6.84085274 6.84085274 7.32075739 7.65108013 7.80295324 7.85963345 8.20736885 8.49760151 8.448349 8.40428448 8.53625202 8.5873394 8.61310768
1.90085459 1.70762992 1.27838027 0.96598136 0.95110881 0.95110881 1.33637118 1.77717531 2.14796638 2.58423829 3.00184751 3.14047122 3.2239604 3.22717452 3.1667726 2.87572193 2.31857896 1.90935802 1.90935802 2.09295964 2.69879985 3.51622534 4.33228254 4.25729513 3.25536346 2.38932633 2.25969911 2.40635157 2.3177402 2.04694104 1.96653605 2.18297768 2.18297768 2.37599993 2.54201818 2.67589235 2.77783799 3.05512547 3.67023492 4.0537982 3.97323251 3.85922694 4.2562294 5.12010622 6.05067778 6.79895067 6.79895067 7.31500149 7.67298412 7.86787415 7.93209982 8.085186 8.13193703 8.01960087 8.07460022 8.30110359 8.38297749 8.39734268
0.99831057 0.60346997 0.96932966 1.33927739 1.59784853 1.59784853 1.88063395 2.09914279 2.25654244 2.51999998 2.62824655 2.39798927 2.17107153 2.24242735 2.42486119 2.26571321 1.76105881 1.57785165 1.57785165 1.90799999 2.28961134 2.77480388 3.43889523 3.56708956 2.96863604 2.38389587 2.18920255 2.18890667 2.14131927 2.08333969 2.13222146 2.38579798 2.38579798 2.63194227 2.5212853 2.35105085 2.61241961 3.23058629 3.84256792 4.13122559 4.01863861 3.9875586 4.39730835 5.22111702 6.17963886 6.86326551 6.86326551 7.27021742 7.61168051 7.85996342 7.89541626 7.97844791 8.01960087 8.02533627 8.10519791 8.18966389 8.17445755 8.18158913
0.18000001 0.61305791 1.17207503 1.38961864 1.59784853 1.59784853 1.88063395 2.01889086 1.96719491 1.94066381 1.88373244 1.61358726 1.35849333 1.32810235 1.58154356 1.70725048 1.55801415 1.5986594 1.5986594 1.95761895 2.05231571 2.03710389 2.1650939 2.16748691 1.97344375 1.90935802 2.06302309 2.30005908 2.46409416 2.44429135 2.35765648 2.62824655 2.62824655 2.95748281 2.56839252 2.16748691 2.64373374 3.5097692 3.98950815 4.13937378 4.26033783 4.500144 4.79894972 5.30032015 5.94218159 6.53992271 6.53992271 7.03245068 7.32181931 7.41512632 7.34973288 7.39955473 7.58985519 7.71820164 7.85064173 8.03856659 8.17104816 10.26763916
0.25455844 0.48965293 1.05142188 1.14805579 1.19669545 1.19669545 1.47775507 1.65208232 1.59784853 1.51884162 1.42915916 1.2313894 0.8217153 0.53517848 0.77879906 1.24967194 1.37555802 1.34939992 1.34939992 1.45120645 1.35131931 1.09489727 0.9199391 0.88548291 0.9085989 1.25587893 1.75331461 2.12186337 2.38389587 2.39339089 2.33999991 2.7193706 2.7193706 3.13282752 2.84422779 2.52231312 3.07035899 3.91192627 4.23057461 4.3992238 4.64400005 4.8707881 5.09116888 5.32337618 5.74783707 6.32217789 6.32217789 6.84568167 7.06380177 7.08111858 6.9941988 7.04616642 7.159657 7.12627268 7.20944357 7.54051781 9.89116001 10.08925247
0.77879906 0.08049845 0.78954166 1.07035697 1.10197639 1.10197639 1.12697828 1.12525201 1.00413549 0.90215743 0.9290511 0.78954166 0.33962333 0.14843181 0.1609969 0.68777901 0.91641039 0.81617647 0.81617647 0.74215901 0.56233799 0.26208395 0.43943599 0.69899356 1.01632273 1.46851766 1.94533288 2.28053689 2.58624363 2.80060554 2.84832573 3.18452501 3.18452501 3.47115421 3.31376052 3.2767911 3.71079516 4.14250374 4.32134962 4.53599977 4.7607193 4.97920465 5.33055353 5.78021431 6.15694714 6.51371241 6.51371241 6.73960018 6.79713917 6.84464073 6.91359377 7.05168247 7.14253044 7.06426048 7.03263474 7.28677702 9.51108837 9.62170315
0.93392074 0.23051247 0.51544154 0.96598136 1.11192811 1.11192811 1.19885945 1.08000004 0.67924666 0.38773188 0.36000001 0.29024127 0.072 0.33962333 0.33962333 0.14843181 0.24149534 0.29024127 0.29024127 0.072 0.25455844 0.50528407 0.61305791 0.82878226 1.33248639 1.77279437 2.10315204 2.54074311 2.99514818 3.39737773 3.5888226 3.69329119 3.69329119 3.70642686 3.69732451 3.89865208 4.14563084 4.21753502 4.25181198 4.50920677 4.75554419 5.07651043 5.58870268 6.01124525 6.27443981 6.34550428 6.34550428 6.39190102 6.37118626 6.53149557 6.73315477 6.83051968 6.96253395 7.05489779 7.08322287 7.13218069 7.3632102 9.40434074
0.91782349 0.55069411 0.66380721 0.96932966 1.08239734 1.08239734 1.15256238 1.23978066 1.07035697 0.77713317 0.5241679 0.39763299 0.43498966 0.53517848 0.66963869 0.7729528 0.82092631 0.74215901 0.74215901 0.64899921 0.87072384 1.04400003 1.11774063 1.30447233 1.57785165 1.73174596 2.05704641 2.57645345 3.10039234 3.52082944 3.84256792 3.98284316 3.98284316 3.97518897 3.91258883 4.07373047 4.20214224 4.26155472 4.4296093 4.69410181 4.92095089 5.24785662 5.6354661 5.84941864 5.93257713 6.09336567 6.09336567 6.28712988 6.39676523 6.55763483 6.66038895 6.63221216 6.67176247 6.83146858 6.84568167 6.86958885 8.84882641 9.19586849
1.12984955 0.91144723 0.83733863 1.15256238 1.33976114 1.33976114 1.32370389 1.3627795 1.28495288 1.00413549 0.76282632 0.72894442 0.84042847 0.92204988 0.95042729 0.89999998 0.79281777 0.7993297 0.7993297 0.9565438 1.08538651 1.20747674 1.46939993 1.86680043 2.12735319 2.34415007 2.7369473 3.21127272 3.60467696 3.95574307 4.24372673 4.40143251 4.40143251 4.41099167 4.23792028 4.15874004 4.2183032 4.38313866 4.58445549 4.78475094 5.02416086 5.38473845 5.72252798 5.9141984 6.0395298 6.31181765 6.31181765 8.22700405 8.32378864 8.35580063 8.37532043 8.37160587 8.37686825 6.68253469 6.70644331 6.77871513 6.94865274 8.95148563
1.43729746 1.38494766 1.2574259 1.38961864 1.57908332 1.57908332 1.59134662 1.45788884 1.33976114 1.16096509 1.00025594 1.00090361 1.04647982 1.15928948 1.15928948 1.07398319 0.94221014 0.9199391 0.9199391 0.92555714 0.97466302 1.12697828 1.45120645 1.88476419 2.39339089 2.97844243 3.4949677 3.89216447 4.2821846 4.61755276 4.80299902 4.79665375 4.79665375 4.73588181 4.47400475 4.30346823 4.36135197 4.48543262 4.56575966 4.74722481 5.06884623 5.53569508 5.94185448 6.18246937 6.29506111 6.41012335 6.41012335 6.51480675 8.17588425 8.10519791 8.11941719 8.21084118 8.26339245 6.55733871 6.65338039 6.84908867 7.00734234 8.87032986
1.69658947 1.80575085 1.85321343 1.83317435 1.75958633 1.75958633 1.58154356 1.35515022 1.14862001 1.04647982 0.98326802 0.9199391 0.94495714 0.99310422 1.04400003 1.01950574 0.91782349 0.72894442 0.72894442 0.72805494 1.05142188 1.40584493 1.73884094 2.16599178 2.65254283 3.24499607 3.6735878 4.03730011 4.49827147 4.92463684 5.03922844 4.97490835 4.97490835 4.87504339 4.6137619 4.55936861 4.61937666 4.66015816 4.7275281 4.99375916 5.38894892 5.7503171 6.08644915 6.30092573 6.34989405 6.45244122 6.45244122 6.57539797 8.32876968 8.2430563 8.11885834 8.02477074 8.06865978 8.12364578 8.30321121 8.55922222 8.69577026 8.79137421
1.70762992 1.78190911 1.94433331 1.99174702 1.81612778 1.81612778 1.53158736 1.24811542 0.96732205 0.77879906 0.67924666 0.71457958 0.79281777 0.77043366 0.64899921 0.51919937 0.42136919 0.48299068 0.48299068 0.84963053 1.24134767 1.69811666 2.32332516 2.97387028 3.45899868 3.89216447 4.27779388 4.62442398 5.02067709 5.28624153 5.36255026 5.33978415 5.33978415 5.22893047 4.85399628 4.73300743 4.77987289 4.79989481 4.95415449 5.30032015 5.70040417 5.98910618 6.29794264 6.54606342 6.71156263 6.90871811 6.90871811 7.07544279 8.8657999 8.66830349 8.34151936 8.11941719 8.17992592 8.26339245 8.35649872 8.51626396 8.60942078 8.64479828
1.70762992 1.78190911 1.94433331 1.99174702 1.81612778 1.81612778 1.53158736 1.24811542 0.96732205 0.77879906 0.67924666 0.71457958 0.79281777 0.77043366 0.64899921 0.51919937 0.42136919 0.48299068 0.48299068 0.84963053 1.24134767 1.69811666 2.32332516 2.97387028 3.45899868 3.89216447 4.27779388 4.62442398 5.02067709 5.28624153 5.36255026 5.33978415 5.33978415 5.22893047 4.85399628 4.73300743 4.77987289 4.79989481 4.95415449 5.30032015 5.70040417 5.98910618 6.29794264 6.54606342 6.71156263 6.90871811 6.90871811 7.07544279 8.8657999 8.66830349 8.34151936 8.11941719 8.17992592 8.26339245 8.35649872 8.51626396 8.60942078 8.64479828
1.75848114 1.82147193 1.84304535 1.74627829 1.4799459 1.4799459 1.22399998 1.04647982 0.69899356 0.35455889 0.29024127 0.3219938 0.4334974 0.4334974 0.25455844 0.10182337 0.42136919 0.81219703 0.81219703 1.08955777 1.26051414 1.7339896 2.56233025 3.35109544 3.89615822 4.4296093 4.93620253 5.36581182 5.60549021 5.64821529 5.62384081 5.61334562 5.61334562 5.41019058 5.02725554 4.81324196 4.81324196 4.86013317 5.06270599 5.3784771 5.65211487 6.09113169 6.61313248 6.92717075 7.14371014 9.13187408 9.13187408 9.12022877 8.82734394 8.5873394 8.38436794 8.23456192 8.27530289 8.29665279 8.31358433 8.40867805 8.51983929 8.71266937
2.04694104 2.16030002 1.91613364 1.53792071 1.27381003 1.27381003 1.2313894 1.10901034 0.75685668 0.50528407 0.39763299 0.25455844 0.113842 0.036 0.113842 0.38939953 0.76282632 1.13841999 1.13841999 1.49172115 1.87199998 2.34691286 2.9775722 3.59369445 4.06688499 4.60377932 5.11656141 5.42466354 5.64660883 5.73033619 5.60884142 5.42824602 5.42824602 5.14799976 4.88341045 4.82158136 4.88778734 4.91633987 5.10667324 5.41102886 5.70074511 6.22966433 6.77345514 7.02987003 7.18892145 9.18649197 9.18649197 9.08969688 8.8188982 8.65872955 8.55172443 8.34151936 8.18055916 8.13058186 8.13090134 8.26754761 8.44412994 8.78407383
1.93363905 1.81933618 1.48431802 1.48257077 1.8104099 1.8104099 2.05231571 1.95629442 1.5876776 1.26205552 0.97466302 0.68494672 0.51544154 0.45107871 0.58603752 0.96932966 1.38915229 1.7974782 1.7974782 2.15669751 2.50063992 2.94980407 3.4949677 4.16885614 4.76208019 5.24167919 5.51070499 5.67157125 5.88288927 5.94305372 5.72954464 5.36991596 5.36991596 5.0113759 4.75213623 4.68968248 4.75554419 4.79813957 5.02312899 5.4738946 5.92733192 6.40860653 6.85362864 7.07965422 7.29957151 9.36560631 9.36560631 9.41026497 9.29253387 9.18952465 8.93061256 8.55626965 8.33988762 8.296731 8.36719322 8.55861664 8.74170113 8.96580696
1.23873484 0.91782349 0.74911147 1.41136527 2.31410289 2.31410289 2.7908709 2.74191475 2.34110737 1.88442028 1.38494766 0.9826088 0.81219703 0.8217153 1.04400003 1.49041736 1.92961347 2.23229027 2.23229027 2.42913318 2.6368618 3.03533578 3.68714523 4.62400341 5.24785662 5.65028 5.86976671 6.0369544 6.18383169 6.09006786 5.76281166 5.36991596 5.36991596 5.00127983 4.60926533 4.43034077 4.49322701 4.62063885 4.9110651 5.42752981 5.99689102 6.50734234 6.95275497 7.37868261 7.70046663 9.63576794 9.63576794 9.57058525 9.41721725 9.23131561 8.92168331 8.66187191 8.63737488 8.64187527 8.77012062 9.06034946 9.32844639 9.51381302
0.56920999 0.42136919 0.33962333 1.44044995 2.7002399 2.7002399 3.38572288 3.40709138 2.96557856 2.30512476 1.73174596 1.32027268 1.20747674 1.3089354 1.51242852 1.88648248 2.26571321 2.49934387 2.49934387 2.60098433 2.8775239 3.31903601 3.87531257 6.05078506 6.52236176 6.84236813 7.22883224 7.45417356 7.45417356 7.2770772 6.8585434 5.08913183 5.08913183 4.80744934 4.51437712 4.3956871 4.58911753 6.15083981 6.45615625 6.987432 6.07376671 6.60018539 8.79969883 9.35591412 9.67971611 9.64531326 9.64531326 9.52640533 9.36062336 9.17823505 8.96754169 8.87865353 8.86112022 8.82198334 8.90336132 9.25641155 9.61307812 9.87509632
0.36712942 0.281169 0.4379589 1.76546884 2.99146795 2.99146795 3.58213568 3.63599992 3.18696594 2.58624363 2.09481645 1.76546884 1.72537303 1.8398782 2.00891614 2.35077524 2.82663059 3.10561299 3.10561299 3.13117242 3.31082582 3.67834735 4.04691887 6.03308868 6.40324545 6.72053576 7.09117746 7.24280262 7.2667408 7.16797876 6.78721762 6.27887869 6.27887869 4.68968248 4.5763917 5.86347055 6.11999989 6.3923068 6.64948368 7.1483345 7.82683372 8.46612549 9.01410103 9.47627735 9.67516327 9.70799255 9.70799255 9.78365803 9.75706291 9.61200047 9.38882446 9.20826244 9.05204964 9.02078438 9.18649197 9.48571014 9.69068909 9.90530014
0.74215901 0.33190361 0.90287542 2.14343643 3.22034025 3.22034025 3.59459591 3.4949677 3.08215499 2.71555519 2.46277881 2.26141906 2.23141932 2.39906979 2.47668481 2.73813081 3.28469181 3.67129397 3.67129397 3.76144004 5.07651043 5.32179356 5.67887878 6.08495855 6.51003027 6.85031843 7.1015873 7.18170691 7.25058222 7.25460291 6.94436169 6.45605564 6.45605564 6.2146678 6.15263081 6.07899189 6.1883359 6.39159679 6.76234865 7.31039381 7.9932971 8.58250904 9.1449213 9.54672241 9.76157761 9.88611412 9.88611412 9.98991871 9.92118454 9.70972824 9.49881649 9.31363869 9.14747143 9.27683067 9.60221958 9.85137844 9.94701576 10.0450325
1.98816502 1.2313894 1.37555802 2.4087739 3.39718699 3.39718699 3.74192262 3.5972991 3.1353085 2.82410765 2.76638389 2.67589235 2.66740322 2.88224912 2.85332656 2.8257134 3.29572082 3.91871214 3.91871214 4.2941227 5.76742029 5.86899376 5.98217773 6.32043552 6.63436127 6.81389761 7.02922487 7.17403316 7.2504034 7.19027328 6.97183466 6.67554951 6.67554951 6.58603239 6.55496645 6.48559761 6.51878405 6.78416157 7.15087223 7.61653137 8.0987196 8.60211658 9.16311359 9.66115475 9.85558796 9.95535088 9.95535088 9.97589779 9.78783035 9.6270895 9.57038212 9.4345417 9.32677937 9.43756294 9.6410799 9.88218021 10.10568142 10.29757309
2.80430532 1.86680043 1.61679685 2.55676055 3.57289791 3.57289791 3.99907994 3.8941617 3.39718699 3.01240635 2.97234464 3.01734972 3.06317472 3.24759102 3.21691775 3.0684588 3.44491982 4.2236762 4.2236762 4.84303713 6.51192141 6.50495195 6.49967003 6.6960969 6.95061111 7.07965422 7.38237047 7.64099455 7.65370512 7.50019217 7.35290623 7.1556735 7.1556735 7.06783724 7.03392458 7.01990747 7.19711924 7.45860577 7.75706005 8.06930161 8.45724201 8.88237572 9.35840797 9.75653172 9.95118427 10.07035255 10.07035255 10.12720394 10.07003117 9.98972416 9.91733074 9.75832462 9.6502161 9.64887333 9.72193336 9.88526154 10.14561462 10.34804344
2.954633 2.01889086 1.53285611 2.49233389 3.5377214 3.5377214 3.90479708 3.90479708 3.55835915 3.21369314 3.20480895 3.35322165 3.40937304 3.5871973 3.7045033 3.73585653 4.08135843 4.73793364 4.73793364 6.62644529 6.76196527 6.7213068 6.75391102 7.06187534 7.33349228 7.5521102 7.81830168 8.06986427 8.08398438 8.09047413 8.04356384 7.8656497 7.8656497 7.61653137 7.5140028 7.57241821 7.70778418 7.89287186 8.06030273 8.39108944 8.82734394 9.26599693 9.61011219 9.91824532 10.11388588 10.22552109 10.22552109 10.23090649 10.2270422 10.17737293 10.03993511 9.82377911 9.77252483 9.90058899 10.10010147 10.2812624 10.44732189 10.47872162
3.31278253 2.46934819 1.59784853 2.32193017 3.43267131 3.43267131 3.76419544 3.73516273 3.60071993 3.41393137 3.4171567 3.58647466 3.76367903 4.042593 4.3536191 4.52541637 4.86213303 6.76234865 6.76234865 7.00521517 6.95806503 7.01039362 7.16897297 7.39972973 7.65446711 7.84932089 8.04799271 8.20452595 8.30001068 8.48577309 8.51770973 8.3082037 8.3082037 8.11694241 8.04154873 8.04356384 8.11789989 8.22393227 8.41422462 8.70909882 9.08869934 9.41921234 9.76682091 10.06262779 10.24306011 10.29278946 10.29278946 10.23546505 10.20496845 10.14561462 10.04548359 9.96523952 9.96211815 10.10016537 10.29222298 10.51255512 10.64194298 10.69030285
3.77845693 3.08887553 1.98261642 2.16269827 3.17800689 3.17800689 3.61455059 3.69329119 3.77777076 3.69329119 3.68609071 3.82752967 4.09150743 4.5474143 4.96813059 5.22831059 5.56371832 7.39482403 7.39482403 7.47318745 7.43380404 7.5792613 7.79813528 7.85798454 7.96893978 8.21565437 8.42776871 8.59857559 8.73139191 8.90336132 8.85021782 8.65693378 8.65693378 8.59563637 8.56557941 8.4768343 8.43698978 8.61784649 8.86835766 9.10735989 9.3500948 9.60667229 9.92431927 10.1750164 10.31165981 10.34760475 10.34760475 10.384799 10.45525742 10.45816994 10.42882156 10.39427948 10.38461208 10.36824989 10.46269226 10.64163876 10.77416897 10.9460125
