gis_spread_split/user_files/wind_dir.asc
ncols 438
nrows 399
xllcorner 1138464.4323428
yllcorner 4858316.0529076
cellsize 2775.096284
NODATA_value -9999
[rows 275 to 299 of 399, columns 336 to 391 of 438]
155.09237671 154.79418945 154.37478638 153.86602783 137.93809509 136.22598267 135.91259766 137.02838135 144.84806824 163.54504395 176.22058105 170.48577881 157.22106934 154.9354248 160.87106323 122.73522949 131.39152527 135.33119202 134.15994263 134.13456726 136.66995239 138.83488464 139.84399414 141.27510071 143.17051697 144.42901611 144.79928589 144.61380005 143.43130493 141.87631226 141.51828003 143.1466217 142.53260803 138.80705261 140.22364807 155.13070679 -178.02165222 -159.6933136 -159.01843262 137.8624115 179.43273926 -147.20758057 -133.79647827 -135 139.06336975 147.99461365 -178.0113678 -154.3301239 -152.08850098 -158.62937927 -150.07606506 -140.12036133 -139.61065674 -141.85975647 -132.87890625 -94.89909363
155.46488953 155.13240051 154.6517334 154.21842957 143.47782898 142.38182068 141.07246399 139.47047424 142.02839661 155.36448669 169.90538025 175.10414124 174.51306152 169.11447144 159.31591797 57.60015869 123.23171234 137.0415802 135.55319214 133.66452026 135.25465393 137.59994507 139.30793762 141.0440979 143.08787537 144.81645203 145.3296814 144.69215393 143.58944702 142.60212708 142.21496582 143.26036072 142.66116333 136.91313171 133.04142761 141.9427948 169.98422241 -159.90890503 -154.50245667 137.8624115 -178.94882202 -142.96960449 -124.84934998 -117.42015076 140.02407837 147.03515625 176.75671387 -156.01498413 -162.36199951 -173.58406067 -159.73951721 -146.73857117 -146.06211853 -147.61286926 -142.98577881 -137.60952759
155.80621338 155.37809753 154.80352783 154.37158203 146.68475342 144.77307129 142.72766113 140.19442749 138.84977722 144.82606506 161.71177673 178.69264221 -171.52885437 -173.0080719 173.99099731 109.85521698 138.99092102 144.55429077 141.47950745 137.29652405 137.04541016 139.27433777 141.64805603 143.39878845 144.62120056 145.69406128 145.81719971 144.34466553 142.79641724 141.86706543 141.20860291 142.72085571 145.14437866 143.8157959 141.36280823 145.71022034 161.85687256 -173.6598053 -159.82313538 -160.34617615 -130.04972839 -115.68170929 -89.73596954 -32.34744263 74.10985565 126.37481689 161.10791016 -164.83253479 -173.15722656 -178.20207214 -155.21165466 -139.39871216 -144.54039001 -155.92713928 -156.25442505 -154.73036194
156.40563965 156.07299805 155.40116882 154.83355713 148.82666016 146.68138123 143.62385559 139.58110046 134.49072266 131.64250183 142.99935913 173.74339294 -169.99201965 -169.84094238 -173.61584473 166.86598206 160.32055664 158.17985535 154.68711853 147.40422058 141.40664673 141.8289032 144.60949707 146.41137695 147.14851379 147.97494507 147.82514954 145.33328247 142.5604248 140.53979492 138.32060242 138.43986511 140.75543213 141.02200317 141.31059265 146.79640198 161.74978638 -172.26954651 -147.78756714 -131.91519165 -125.63155365 -116.70378113 -48.4473877 12.41163826 46.27934647 96.18292999 132.59739685 156.19406128 163.97970581 179.39048767 -154.57894897 -143.19252014 -155.14988708 -170.25514221 -167.71965027 -159.80651855
156.83581543 156.61802673 156.02865601 155.3583374 150.74795532 149.30409241 146.25610352 141.82861328 136.52645874 131.48805237 132.82904053 150.23175049 169.16696167 178.45184326 -175.86178589 172.11225891 167.87290955 168.28039551 167.82675171 159.97032166 145.15426636 142.16644287 146.01005554 148.55921936 150.11286926 152.13555908 152.60118103 149.51223755 145.25471497 141.7428894 137.46640015 134.34146118 132.79512024 129.98506165 128.57397461 133.09988403 150.16889954 -164.67849731 -135.58343506 -140.73249817 -156.50701904 -165.85765076 -177.31622314 81.77327728 84.32698059 129.73997498 148.72944641 158.06152344 172.51911926 -169.18217468 -152.36245728 -147.33909607 -161.99583435 -179.37452698 -175.71795654 -163.41265869
-9999 -9999 -9999 -9999 151.91400146 151.24436951 149.47135925 146.69290161 143.85467529 141.21484375 139.85536194 141.92289734 149.47930908 164.07685852 176.72016907 166.77420044 168.52851868 174.2625885 176.87173462 169.05433655 146.26116943 139.1468811 145.40151978 149.44215393 152.09950256 155.90896606 158.09344482 155.17593384 149.43710327 143.99763489 138.25621033 132.80793762 127.93968964 120.49983215 112.86175537 108.15115356 106.68026733 -151.99082947 -134.22052002 -169.39967346 175.36198425 176.39927673 -179.64578247 -177.97715759 -177.35745239 -177.22755432 -175.94767761 -164.47589111 -141.1466217 -144.54452515 -149.25465393 -150.25512695 -164.47589111 174.72828674 175.02046204 -170.50721741
-9999 -9999 -9999 -9999 152.52883911 152.27384949 151.70880127 150.74446106 149.43795776 147.36906433 144.40126038 141.6998291 141.94483948 149.54193115 159.69552612 157.48171997 166.30223083 177.19651794 -178.23760986 175.88270569 154.05349731 136.63658142 142.7881012 149.29449463 153.15037537 158.48609924 162.74598694 161.14299011 154.56776428 147.3469696 140.30229187 133.508255 127.03773499 118.04303741 107.51550293 97.22761536 84.58813477 81.41638184 179.19871521 157.43469238 153.59829712 165.36109924 -177.21633911 -164.65187073 -156.17723083 -150.05705261 -143.13009644 -128.53407288 -127.4673996 -160.3286438 -170.51416016 -167.41230774 -170.41288757 178.46459961 174.57757568 -172.16928101
-9999 -9999 -9999 -9999 153.31253052 152.98170471 152.79212952 152.46536255 151.88504028 150.41760254 147.61932373 144.38278198 142.41255188 143.01225281 144.14637756 147.24516296 160.16490173 173.93260193 -178.80961609 -178.33590698 170.32504272 141.09040833 138.06970215 148.45007324 155.51896667 162.57395935 167.91671753 167.15376282 160.71897888 152.63179016 145.07434082 138.03799438 130.47523499 121.59249115 113.24427032 106.85448456 104.27418518 125.80775452 148.17256165 140.1118927 134.32595825 145.9413147 -158.64323425 -116.68880463 -100.58956909 -88.94882202 -79.84094238 -87.2297821 -157.42042542 166.46414185 169.81483459 -178.49464417 -169.62069702 -168.03289795 -166.78367615 -151.85839844
-9999 -9999 -9999 -9999 154.08302307 153.55830383 153.10435486 152.74842834 152.62980652 152.39881897 151.17216492 148.69702148 145.59921265 142.6530304 140.1706543 139.79876709 148.9052887 162.15359497 175.27201843 -174.75450134 -174.56565857 158.37680054 138.73139954 149.9621582 161.28601074 170.00698853 174.23397827 172.49691772 166.44714355 158.6247406 151.25378418 145.06321716 138.0680542 129.11863708 122.64121246 119.94294739 120.99250793 129.3802948 135.32249451 129.71876526 119.89157867 104.42077637 -42.30571747 -48.74616241 -52.99215317 -57.59545517 -63.22116089 -117.05059814 153.09890747 141.5266571 149.89259338 173.49436951 -158.61860657 -145.66978455 -142.13998413 -136.89115906
-9999 -9999 -9999 -9999 154.66455078 154.08879089 153.62124634 153.18502808 153.01673889 153.22312927 153.13475037 151.79095459 148.81503296 144.79467773 141.31533813 138.00769043 139.92608643 148.2127533 164.43574524 -176.71075439 -168.42744446 178.78848267 159.51101685 161.56504822 170.76818848 178.15696716 179.89750671 176.96060181 172.64389038 167.60314941 160.620224 154.53111267 148.34710693 139.89909363 133.52037048 130.47689819 126.45721436 123.86717987 122.25592804 116.01348877 108.62572479 101.21884155 -27.80145836 -48.01278687 -84.34558105 -135.296875 -157.63487244 -172.13945007 165.54969788 129.49264526 105.59796143 88.19126129 -88.00212097 -114.28582764 -138.18913269 -149.78108215
-9999 -9999 -9999 -9999 155.3341217 154.72454834 154.27929688 153.81188965 153.41398621 153.2660675 153.24304199 152.87869263 151.37782288 148.34931946 144.86264038 139.26397705 136.58837891 138.73666382 151.06842041 172.73066711 -172.945755 -173.56362915 -179.4985199 179.20976257 -178.29214478 -176.0765686 -176.51359558 -179.25593567 179.140625 177.90475464 172.75709534 165.19358826 157.35517883 148.55477905 143.63713074 141.54629517 134.2673645 124.69515228 116.56505585 106.00404358 101.71247101 110.51931763 126.25383759 143.80679321 169.57928467 -173.91621399 -170.30262756 -174.40974426 177.91743469 160.52012634 115.76000977 64.01563263 38.15722656 -163.51554871 -167.44570923 -163.39039612
-9999 -9999 -9999 -9999 156.03297424 155.30328369 154.68209839 154.18441772 153.74975586 153.45619202 153.28479004 153.17993164 152.61924744 150.66940308 147.52485657 139.67626953 133.49783325 129.74972534 134.17311096 152.44718933 175.50518799 -172.27645874 -167.15229797 -165.46118164 -166.86598206 -169.76345825 -172.31809998 -174.37536621 -176.04348755 -178.82687378 175.65386963 167.84506226 158.54605103 150.0592804 148.24742126 149.97148132 146.83364868 142.45706177 140.1325531 129.48387146 122.89434814 133.28320312 147.54681396 153.05426025 165.12431335 -178.62115479 -174.93968201 -179.42642212 177.86434937 176.3261261 171.1388092 161.20471191 160.34617615 167.73522949 179.67901611 -164.89454651
-9999 -9999 -9999 -9999 156.76629639 156.02838135 155.32649231 154.6933136 154.18441772 153.88024902 153.65034485 153.4992981 152.98397827 151.47969055 148.75161743 139.48701477 130.16664124 119.02275085 111.8182373 116.08223724 142.24450684 179.82369995 -158.41775513 -150.68745422 -152.98143005 -159.40066528 -164.27339172 -167.26217651 -173.42700195 175.36453247 164.38900757 158.94551086 153.34980774 147.67735291 148.69587708 152.36662292 152.0725708 154.06149292 158.64323425 151.95817566 143.03944397 149.28471375 160.8500061 164.94194031 171.48158264 -179.70158386 178.52172852 173.28060913 174.38542175 179.25978088 -176.85263062 -178.92314148 171.53440857 167.18400574 178.24383545 -162.86076355
-9999 -9999 -9999 -9999 157.56962585 157.01748657 156.42228699 155.71162415 154.99151611 154.4234314 153.88439941 153.5866394 153.41314697 152.51161194 150.5447998 142.40061951 133.67837524 119.87599182 104.36688232 97.35237885 104.23970795 134.53038025 -169.25415039 -145.57658386 -143.07176208 -149.09170532 -157.95658875 -166.69082642 -178.3235321 166.5140686 156.45339966 154.06752014 151.18920898 147.10975647 147.69267273 150.20718384 151.07640076 155.01596069 159.4616394 150.51837158 139.39871216 143.97262573 157.12425232 165.16947937 171.67733765 174.9934845 169.34205627 165.1235199 169.38887024 178.30821228 -173.3837738 -171.41311646 178.79048157 168.4173584 177.48747253 -164.07060242
-9999 -9999 -9999 -9999 158.44943237 157.81401062 157.27026367 156.68804932 155.95773315 155.23138428 154.4493103 153.93016052 153.74075317 153.28134155 152.1466217 147.40072632 143.46578979 137.13652039 127.33869171 122.39243317 129.38990784 146.74325562 170.49880981 -171.46923828 -162.85964966 -162.18110657 -169.15420532 -178.40252686 173.14924622 165.40875244 160.52142334 157.54107666 153.43495178 149.39045715 148.21568298 148.81503296 150.22546387 154.82038879 156.86299133 143.39674377 128.15722656 129.26663208 143.01708984 156.92634583 165.36694336 165.43132019 159.49967957 157.15567017 163.12373352 174.75062561 -172.62783813 -165.96376038 -172.69424438 174.31507874 178.07107544 -168.11134338
-9999 -9999 -9999 -9999 159.35771179 158.65422058 158.05924988 157.49353027 156.86125183 156.33352661 155.63352966 154.80142212 154.17337036 153.50053406 152.61204529 150.50640869 149.70783997 148.89118958 146.84515381 146.28279114 152.41665649 164.70780945 178.3598175 -174.34558105 -172.38606262 -173.03988647 -177.66268921 175.21366882 169.76345825 167.02410889 164.99378967 161.48225403 156.76879883 153.33180237 151.88813782 151.91418457 154.06628418 158.33885193 158.83021545 147.07084656 131.49647522 128.95878601 139.3770752 152.93162537 158.92381287 156.74293518 151.73536682 150.43438721 156.25265503 169.29971313 -172.6758728 -160.48725891 -162.63375854 -174.36122131 -178.13047791 -174.56594849
-9999 -9999 -9999 -9999 160.30882263 159.70243835 159.18830872 158.54202271 157.8321228 157.32385254 156.71609497 155.93647766 155.07955933 154.22157288 153.23522949 151.28764343 150.28161621 149.26881409 147.59725952 147.76937866 154.90618896 168.69006348 -178.23580933 -174.44213867 -176.58680725 -179.11859131 177.21252441 172.54664612 169.66889954 168.74777222 167.4490509 164.05461121 160.34617615 157.85945129 156.85719299 157.51365662 159.92457581 162.44230652 162.83004761 158.02549744 148.45083618 143.19252014 145.77363586 150.75639343 152.18414307 149.58108521 145.55781555 144.45498657 149.29475403 162.62045288 -173.6252594 -154.63491821 -151.19430542 -160.96881104 -176.43536377 178.17756653
-9999 -9999 -9999 -9999 161.08560181 160.59310913 160.18321228 159.61772156 158.87339783 158.19859314 157.57011414 156.83816528 156.25575256 155.4997406 154.47496033 151.85209656 149.95808411 147.69267273 144.8031311 143.15177917 149.01396179 163.67976379 175.42608643 177.962677 176.23995972 174.59111023 172.68507385 170.62216187 169.75492859 169.7479248 168.58824158 166.03041077 163.70451355 162.04652405 161.2742157 162.56674194 164.08158875 164.5213623 165.47634888 165.73928833 161.36401367 155.15985107 150.27230835 146.3453064 144.12501526 142.32974243 139.40673828 137.942276 141.30125427 154.16545105 -174.69596863 -144.90419006 -134.35626221 -145.51605225 -179.33638 172.78921509
-9999 -9999 -9999 -9999 161.89547729 161.35195923 160.93130493 160.48823547 159.89376831 159.34518433 158.70977783 157.89987183 157.23924255 156.50526428 155.52349854 153.27330017 151.60191345 149.78807068 147.8538208 146.67459106 150.42485046 159.75785828 166.68087769 168.95445251 169.63905334 169.74078369 169.13919067 168.42575073 168.59814453 169.20843506 168.52159119 167.24703979 166.71760559 166.39329529 166.54714966 168.22363281 168.63424683 167.36039734 168.10623169 170.2693634 168.24557495 163.45167542 157.53573608 148.50520325 141.3401947 137.50630188 132.95680237 128.77536011 129.11656189 139.69491577 -171.60090637 -119.68314362 -107.79598999 -129.28941345 175.79464722 172.41645813
-9999 -9999 -9999 -9999 162.77893066 162.34086609 161.87016296 161.39065552 160.88461304 160.47265625 159.88742065 159.11923218 158.29330444 157.50396729 156.66770935 155.14646912 154.04872131 153.07156372 152.15908813 152.05252075 154.88035583 160.03860474 163.30851746 164.64526367 165.84658813 166.6473999 166.6182251 166.13124084 166.34645081 166.87536621 166.75947571 166.64625549 167.81539917 169.46728516 171.32183838 174.10070801 174.70991516 172.86322021 172.61578369 172.33125305 168.37187195 165.09881592 162.72671509 155.74401855 146.62727356 138.58108521 128.31422424 118.33534241 113.6191864 112.79058838 -71.56504822 -73.30075836 -82.79394531 -137.68977356 173.15722656 177.64900208
-9999 -9999 -9999 -9999 163.45663452 163.17494202 162.78448486 162.34805298 161.78034973 161.26521301 160.7741394 160.16233826 159.5294342 158.77845764 158.01228333 156.72265625 156.01116943 155.60908508 155.27072144 155.2208252 156.96316528 159.87745667 161.70622253 162.58203125 163.54473877 164.33853149 164.55641174 164.23614502 163.89727783 163.88801575 163.72373962 164.23446655 166.56181335 169.72779846 172.88737488 177.13247681 179.3293457 178.79881287 177.82644653 172.82949829 164.39605713 160.54246521 161.76449585 161.118927 156.74169922 150.42538452 136.90914917 120.59454346 112.66455841 104.42077637 -20.55604553 -51.07245636 -87.36756897 -174.61845398 170.32029724 176.40707397
-9999 -9999 -9999 -9999 164.08221436 163.80953979 163.52035522 163.18965149 162.72117615 162.23750305 161.70147705 161.17529297 160.671875 160.01689148 159.21257019 157.90621948 157.38793945 157.37208557 157.50352478 157.66770935 158.51287842 159.89567566 160.85186768 161.6477356 162.44451904 162.87387085 163.08067322 162.77456665 161.8686676 160.98716736 160.22392273 160.53852844 163.86930847 168.72927856 173.20848083 178.37271118 -178.02507019 -176.91572571 -178.18458557 173.13311768 160.58918762 154.9178009 157.64311218 162.71018982 165.27316284 166.24693298 160.96881104 146.70643616 139.23638916 153.79988098 -157.0112915 -140.19442749 -168.59750366 172.30395508 167.48666382 168.88696289
-9999 -9999 -9999 -9999 164.7414093 164.51661682 164.25978088 163.93704224 163.64547729 163.30477905 162.75012207 162.14128113 161.66285706 161.05349731 160.37095642 159.21217346 158.63938904 158.49139404 158.68208313 159.03894043 159.69755554 160.25840759 160.71513367 161.40605164 161.93379211 161.87719727 161.83573914 161.68835449 160.66088867 159.12585449 157.16018677 155.65122986 158.23925781 165.05297852 171.95845032 178.33627319 -177.42549133 -175.48600769 -177.32629395 171.86990356 157.8140564 151.50773621 154.68913269 162.34988403 167.59480286 172.89126587 176.90155029 173.50646973 167.47119141 173.99099731 -179.64190674 178.26429749 173.52844238 169.15193176 167.40454102 165.19664001
-9999 -9999 -9999 -9999 165.28837585 165.17578125 164.98352051 164.66358948 164.34046936 164.09443665 163.62229919 163.07603455 162.62519836 162.12402344 161.55082703 160.52072144 159.99214172 159.58903503 159.41426086 159.54716492 160.10742188 160.44706726 160.7124939 161.20448303 161.42887878 161.14437866 161.04733276 161.1048584 160.35435486 158.65614319 155.69187927 151.89637756 151.23234558 156.70385742 164.56147766 171.55247498 176.89784241 179.9072876 177.93859863 167.57406616 155.2902832 150.15596008 154.77607727 164.05461121 168.3528595 172.76016235 -177.45085144 -175.04972839 177.29937744 171.97930908 171.81625366 168.79656982 165.24017334 164.71315002 166.23603821 165.28636169
-9999 -9999 -9999 -9999 165.70932007 165.6312561 165.57048035 165.32543945 165.00631714 164.70547485 164.41181946 163.985672 163.59118652 163.11766052 162.556427 161.44830322 161.02819824 160.7852478 160.54899597 160.40046692 160.51986694 160.74967957 160.86021423 161.04066467 161.10723877 160.89102173 160.90455627 160.99745178 160.5447998 159.0453186 156.37062073 152.8097229 151.4065094 154.0760498 158.93560791 163.50846863 167.79173279 171.31958008 170.39738464 162.10980225 151.94747925 148.44532776 156.33581543 170.71794128 171.97276306 164.96218872 174.17366028 -179.36340332 174.20079041 165.91401672 163.51245117 160.02702332 156.51713562 157.28366089 160.58705139 161.4954834
