gis_spread_split/user_files/wind_speed.asc
ncols 438
nrows 399
xllcorner 1138464.4323428
yllcorner 4858316.0529076
cellsize 2775.096284
NODATA_value -9999
[rows 52 to 77 of 399, columns 116 to 173 of 438]
15.65110111 13.21964931 13.21964931 15.53152847 14.04669094 9.55872917 6.47239542 6.18707943 7.32314682 9.8369627 9.29051113 7.5672822 8.21084118 9.64081097 9.68239403 8.45233727 8.45233727 7.33879232 6.43383551 8.12906742 5.71221447 8.03985691 8.73495293 7.18603659 8.37222576 11.93463802 17.09298897 15.30038071 8.71467686 7.06710339 7.06710339 7.92204523 7.65446711 7.61517 8.16271687 7.28944445 6.1145978 7.21483469 7.92106342 6.66962528 5.74027872 7.11671829 8.47339344 9.19304943 9.19304943 9.56774044 9.77040291 8.43975449 6.15052366 4.34423208 3.19103003 2.73978686 2.19009042 2.01503539 2.64740777 3.88483214 5.04321337 8.53329086
17.86122513 12.98941708 12.98941708 13.34279633 13.83585453 11.33428383 9.12697601 8.25727272 8.72077274 10.88343811 9.56713104 5.59993839 3.94770813 4.89719105 6.48889399 8.41699696 8.41699696 9.72533226 8.27538109 11.28041458 8.95307732 3.3326745 2.00633407 9.684268 14.29675961 15.90128613 21.3505497 21.48415947 13.55269718 8.71646214 8.71646214 9.43673897 8.02178192 6.52831984 6.42234373 6.11205387 4.42814636 5.35057402 8.03453541 7.54841948 7.12845469 8.24470711 9.32400036 10.46479797 10.46479797 11.43780708 10.74447727 8.5511179 6.35407639 5.14812565 4.15562248 2.85332656 2.2725668 2.05484009 2.16748691 2.95682526 3.01906729 4.4121666
18.14832115 12.60416508 12.60416508 11.2387476 12.87975121 12.59259224 12.0617733 11.26270771 10.79669952 12.56461906 10.61017132 4.73670244 1.87199998 1.33927739 2.01246119 6.96067238 6.96067238 10.80335903 8.46987534 9.57065296 10.85750675 10.92296028 5.41102886 3.95492411 10.12541199 13.35425282 19.70703316 24.93230629 21.15504646 14.77149773 14.77149773 11.23897839 9.00179958 8.73102093 9.91804886 8.49973679 7.05103922 7.95331192 9.6762352 9.8048296 7.98851252 6.58603239 5.76056242 4.00911379 4.00911379 3.91871214 5.72897911 6.01329327 5.89048433 6.48999214 6.29186916 4.62260199 3.37037683 3.26887131 3.35012841 3.38476586 2.76661825 1.73734975
17.5025177 12.39592457 12.39592457 9.75487041 10.07903576 10.42490673 11.19970322 12.34647846 13.52393055 15.33857727 13.67175579 8.4037447 3.85922694 2.41226864 4.2206068 7.5411191 7.5411191 12.64128113 9.52606487 6.70306063 5.65303183 5.97307158 4.92818832 4.69410181 4.94263077 5.13943338 11.57073784 19.31375694 19.79757881 18.45480156 18.45480156 16.87482452 15.73311234 16.78920555 17.02252007 17.26386833 13.43615341 10.78967476 10.23521233 10.12854767 8.45149326 4.77227497 4.5424242 7.51676226 7.51676226 5.06884623 1.70725048 4.87916231 6.77957535 8.37338638 8.47652817 6.81922102 5.54224634 5.20856667 4.95101452 4.52126169 3.51880431 1.57456279
17.20257568 13.05604458 13.05604458 9.82800007 8.3954134 7.5491066 8.76812458 11.22674847 13.79081917 15.75027752 16.19443893 13.87826824 10.58063221 10.24021244 11.38812637 11.37696838 11.37696838 14.796175 13.23140812 9.87509632 6.37484694 3.04726768 5.78357697 5.73338842 0.93461436 1.49172115 5.71028566 12.73535347 13.44685555 12.58440781 12.58440781 13.28873062 12.60128593 12.22156239 15.68377495 18.57823181 16.09324837 12.12516117 9.85913754 9.00043201 8.58235741 6.35652351 2.46409416 3.68855095 3.68855095 4.98466778 4.53785658 5.5567255 6.44037867 7.04073858 6.53655338 5.44207621 4.76779175 4.64511633 4.42917061 3.97779632 3.20581961 2.29300499
16.80494499 13.80265522 13.80265522 10.7933979 8.49668598 6.71436214 7.19324684 9.21916389 10.64833546 13.56989861 16.16464233 16.12080574 14.26708698 14.00418472 14.26190758 12.51148891 12.51148891 14.34815693 14.50639153 12.61048698 9.08812809 6.26544809 7.10030985 6.07024479 5.41593647 6.45043278 6.73199987 10.68157101 10.41669846 9.33011341 9.33011341 11.22934628 11.7473135 11.99724007 15.38190269 18.60210991 17.88421249 14.90834713 11.12865925 8.46191502 6.95732021 5.7812233 5.38136768 5.19299221 5.19299221 6.14672995 6.38946772 5.50081873 5.11820745 5.3730526 4.67999983 3.9096067 3.94573784 4.08389807 3.94524527 3.48289537 2.63391113 2.7553525
16.00543213 13.73983765 13.73983765 11.37491798 9.04238033 6.53278494 5.73169279 6.61185837 7.58652496 10.50015736 14.00080681 15.40080643 14.82570744 14.33595753 13.11531925 9.71933365 9.71933365 9.31683922 9.96523952 8.91928577 7.48263264 7.63233948 8.20436764 6.55288982 4.50906277 6.81503868 8.68645 9.46772671 8.78761387 9.75606632 9.75606632 12.39283943 13.11176109 13.36182117 15.32031631 16.84911537 16.54629898 14.71990681 12.27013969 10.32547569 7.29957151 4.17987728 4.34527588 5.54411697 5.54411697 5.6414423 5.04128551 4.63408232 5.41605616 6.37769222 6.15178823 5.762362 5.81486368 5.42370796 4.76724815 3.96490598 3.06021166 3.18635583
14.29313374 12.48182869 12.48182869 10.83958721 9.06778431 6.44651365 4.61362171 4.56561756 5.12428093 7.45860577 10.62024403 12.50693035 13.14453602 13.23126125 11.40524101 7.20944357 7.20944357 5.87859154 6.46598482 5.71266794 6.19806671 7.64972448 9.31809044 10.34929562 8.24682903 7.79464436 12.0500555 12.99899101 11.509758 11.00163746 11.00163746 11.46864223 11.44850922 12.38368607 14.38257408 14.89534569 13.70390034 12.61937332 12.25195885 11.79861259 9.49533653 6.71040392 6.3400898 5.82888794 5.82888794 3.93850541 2.76989532 3.45074606 5.10565805 6.0214777 5.71595669 5.63132524 5.82621956 5.17060757 4.24815273 3.55981565 3.168818 4.00895214
11.55801868 10.04683876 10.04683876 9.18557453 8.212183 6.23465538 4.47400475 3.99664855 3.90811467 4.86333227 6.57470798 7.85996342 9.06585503 10.55555344 10.48984623 8.22227669 8.22227669 7.82526064 8.01442814 5.88299942 4.59278727 5.37269115 7.05315256 8.66284466 9.59195709 12.86656284 15.7400713 14.55918503 11.62850189 9.11909199 9.11909199 9.00734138 8.97382641 9.89292812 12.74349117 13.875 12.91577435 11.97983551 11.81249905 10.78042221 9.51885223 8.68048 8.32915878 6.52236176 6.52236176 3.24499607 0.72000003 1.83599997 3.85469055 4.17987728 3.49255657 3.69188738 4.38978624 4.44319344 4.03216076 3.38801885 3.09034371 4.82883358
9.14973831 8.01086998 8.01086998 7.73128796 6.99299431 5.51223373 4.61024952 4.500144 4.38151217 4.61937666 5.61288357 6.89331865 8.28922939 10.1666069 11.46236801 10.66584682 10.66584682 10.03418922 8.9260397 5.78536892 5.06104183 5.49197674 4.3382616 4.07865858 8.96399975 16.06229401 17.07151794 10.08520603 4.32749367 4.0571537 4.0571537 7.44573641 8.51748085 7.96348953 9.23629761 10.86913872 10.59990597 11.23090363 11.84990692 10.3540535 7.97414207 6.79294348 6.29382563 4.97269344 4.97269344 3.92069578 3.41108322 2.1960001 3.81667924 3.98885846 3.76694894 4.51437712 5.23537064 5.57302809 5.42370796 4.25546789 2.9339447 3.81056213
7.97357321 7.75948238 7.75948238 7.74677849 6.48040009 4.91831684 4.59405708 5.02622414 5.4618063 6.26730967 7.33702612 7.88925838 8.6133337 10.48162746 11.84312439 11.6101532 11.6101532 11.11327648 9.73785019 7.09209156 7.93569374 8.03122807 6.95135689 7.20323944 10.75285721 15.85635567 15.99862862 8.42623043 2.08986115 3.67922807 3.67922807 9.41632271 11.57169056 10.85535812 10.39845562 9.60869598 7.79879999 8.4412899 11.45965481 11.54663181 8.95995045 6.76225281 4.55168724 2.90352893 2.90352893 3.62368202 4.74217176 5.63098001 7.40349436 7.68564177 7.52951002 7.49111462 7.07113695 6.67166567 6.37921619 4.62778568 2.2751317 1.77133167
7.97357321 7.75948238 7.75948238 7.74677849 6.48040009 4.91831684 4.59405708 5.02622414 5.4618063 6.26730967 7.33702612 7.88925838 8.6133337 10.48162746 11.84312439 11.6101532 11.6101532 11.11327648 9.73785019 7.09209156 7.93569374 8.03122807 6.95135689 7.20323944 10.75285721 15.85635567 15.99862862 8.42623043 2.08986115 3.67922807 3.67922807 9.41632271 11.57169056 10.85535812 10.39845562 9.60869598 7.79879999 8.4412899 11.45965481 11.54663181 8.95995045 6.76225281 4.55168724 2.90352893 2.90352893 3.62368202 4.74217176 5.63098001 7.40349436 7.68564177 7.52951002 7.49111462 7.07113695 6.67166567 6.37921619 4.62778568 2.2751317 1.77133167
7.68960333 8.39016247 8.39016247 8.30547428 6.4752984 4.88964272 4.77390385 5.2815814 6.07248592 7.58712292 8.93793774 8.56285572 8.12715435 9.28953457 10.4032526 10.87920952 10.87920952 11.56093311 10.7263689 8.41514874 8.69509888 7.62222958 9.06778431 10.74833679 12.35324669 15.01929283 14.31478786 7.9663372 2.74451303 5.02416086 5.02416086 11.43157291 13.52397823 11.96522141 10.7945385 8.76694202 5.30423069 5.20707369 9.45594692 11.30526066 10.52832317 9.25767136 6.84000015 4.34214306 4.34214306 3.38801885 4.15874004 6.05067778 7.76440811 7.52503347 6.65999985 6.11841154 5.52256918 5.15755749 5.16847658 4.18591928 2.57645345 1.5629971
7.68960333 8.25374126 8.25374126 7.65996742 6.07803249 4.82883358 4.71764851 5.1675992 6.27320004 8.01386166 9.10287571 8.10000038 6.73151875 6.89294243 7.5140028 8.8592186 8.8592186 11.30451584 12.53265476 11.20571899 9.25263023 6.93380928 10.06893635 12.3624754 13.65102768 15.28915405 14.61307335 9.76582527 5.09638453 6.22581482 6.22581482 11.63841629 13.76994133 10.53570652 7.45964813 4.94263077 2.32639122 2.95156097 6.85948801 9.03951359 9.22590828 10.06488132 10.41396046 8.18649769 8.18649769 5.35178471 5.07804203 6.11999989 7.0004034 6.83971596 6.07728624 5.31204367 4.53114033 4.44450569 4.85466385 4.64902067 3.84256792 2.92841792
7.62741375 7.54876328 7.54876328 6.39392853 5.23190355 4.6137619 4.55723619 5.20221806 6.58986855 8.14746094 8.65685844 7.85864401 6.99123335 6.59665012 6.17292404 6.73979235 6.73979235 9.45183372 12.67123318 13.60876179 11.84711838 9.9945879 11.80240154 13.45942688 14.70074463 16.25131798 16.03374672 12.93798161 9.14400005 8.66882706 8.66882706 12.30720997 13.8123703 10.47556686 6.38134909 3.94524527 1.98522949 0.38773188 4.24769497 7.09528875 7.16897297 8.73680782 11.32787895 10.8194828 10.8194828 8.25915623 7.36382627 7.40760708 7.72818613 7.53492975 6.93268776 5.920331 4.55723619 3.93850541 4.23669672 3.97045898 3.42757058 2.9795301
7.03180552 6.38946772 6.38946772 5.21714401 4.70334196 4.50906277 4.33108568 5.04475498 6.44570923 7.22022152 7.1990099 7.38991547 7.8160634 7.49578428 6.23714924 5.40971136 5.40971136 6.56050014 9.75726223 12.24195862 12.13749981 11.58445072 12.63943577 14.06278133 15.50430202 17.0447731 17.11590767 16.13378525 13.96735096 12.77071762 12.77071762 13.70772934 14.23926258 9.81427574 4.94263077 3.12122273 2.89906192 2.19806457 1.8335278 5.52690887 5.69722033 6.5958643 9.64860439 10.75213432 10.75213432 9.18247032 7.79547548 7.44164515 8.01766109 7.90894699 7.00234699 5.58290243 3.81599998 2.80800009 3.00680828 3.06761408 3.05639791 3.44567204
6.55921602 5.60722399 5.60722399 4.64832354 4.5992732 4.66015816 4.41143227 4.96539068 5.98347712 6.04810715 5.98347712 6.88729954 8.02121639 7.95828009 6.65152979 5.38894892 5.38894892 5.51211596 7.41372776 9.19777107 9.41529083 8.92756462 10.39396763 12.9481945 16.73446274 18.18940735 18.80633926 19.13717461 17.62989426 14.45972633 14.45972633 13.68388367 13.04025173 7.84477901 2.45038128 1.40400004 1.37083912 2.64005446 1.06611073 4.18622875 5.09434986 5.38052511 7.69844675 9.7374506 9.7374506 9.64538002 8.11758137 7.24745369 7.68184662 7.27494001 6.33896542 5.36544943 4.2785511 3.67076445 4.042593 4.47849274 4.64846277 4.98648739
6.34100962 5.73338842 5.73338842 4.93567753 4.82775974 4.85399628 4.66891003 5.17524242 6.0818696 6.30257082 6.68883467 7.66935205 8.34835243 8.09295654 7.20944357 6.16620207 6.16620207 5.53943968 5.79812384 6.18540335 5.51646423 5.09943533 6.10027409 8.92197418 13.38164139 17.39172554 20.818367 22.46359634 20.0773201 15.45679188 15.45679188 13.63416576 12.98876762 7.88095808 3.2647059 2.97147226 2.13161349 1.42915916 0.72805494 3.5770669 5.24192619 5.44778872 6.82634449 9.24884796 9.24884796 10.83366776 10.00009727 8.32230949 7.55296803 6.15557909 5.04012871 4.21553707 3.56236315 3.08215499 3.06592369 3.13117242 3.15693521 3.11540437
5.97925234 6.06896353 6.06896353 5.48831797 5.14308834 5.01034117 4.93029165 5.49197674 6.57135582 7.19999981 7.58601236 7.95021486 7.94238663 7.74008369 7.35784006 6.29176617 6.29176617 4.76847124 3.62886429 2.77480388 1.97344375 1.33637118 0.8669948 1.07398319 4.31594801 11.6767149 20.72049332 25.47360611 22.76891136 16.78588486 16.78588486 14.29091167 13.63378525 9.53368092 4.64665031 2.72389436 2.17107153 1.46895885 1.69658947 3.13943934 4.3890481 4.80434799 5.53838682 7.66258955 7.66258955 10.2907753 10.51575947 8.43061256 6.12095308 3.97633004 2.66327024 1.51585221 0.072 1.29799843 1.91308761 1.96653605 2.05231571 1.84480238
6.05453205 6.25136662 6.25136662 5.64924765 5.14699268 5.05643034 5.14913273 5.65211487 6.60254145 7.3258009 7.3828969 7.11535263 6.86845636 7.02839518 7.06013155 5.94098186 5.94098186 3.96604991 2.02881646 0.58048254 0.69527549 1.11600006 2.35105085 4.48673248 3.62600613 5.3764286 16.68117332 24.71648407 24.8957901 21.0775013 21.0775013 19.56128883 20.70187759 19.33132935 14.14433575 8.85519505 6.30493498 5.21999979 4.51954174 3.88866663 3.06190538 2.28706264 2.91444397 5.00710678 5.00710678 7.68892908 8.60520458 7.33199024 5.35178471 3.88483214 2.65547276 1.18745446 2.28961134 5.3975997 6.80742788 6.81123447 6.36752367 5.70722055
6.61851931 6.32012796 6.32012796 5.53101063 4.84330463 4.77390385 5.03794241 5.50423384 6.26730967 6.82235622 6.85825968 6.78072214 6.85419559 6.88344097 6.37840366 5.31094551 5.31094551 3.80886126 2.17465043 0.69527549 0.54000002 0.99310422 1.36847365 3.15426564 4.20229673 4.02492237 10.27010059 18.26676369 22.924963 24.05883026 24.05883026 24.8966217 27.08894157 27.7430172 24.10290718 17.80617714 12.8958416 10.33977413 8.93568993 6.88061619 4.6137619 1.97081506 1.95231557 4.03730011 4.03730011 5.66894293 6.10197353 5.60549021 5.46453428 5.618999 4.27324724 2.38063192 3.25536346 7.35819197 9.46204376 9.31148148 8.41206837 7.8215332
6.95555019 6.2649312 6.2649312 5.43897915 4.72972059 4.5429945 4.83594036 5.33602095 5.98217773 6.46688652 6.77584648 7.35396385 7.77908278 7.22381067 5.86402321 5.05553341 5.05553341 4.36551046 2.93813825 1.27838027 0.28799999 0.20991427 0.59590602 1.61799872 3.35186863 5.45313835 7.04938459 9.75839043 14.15935421 17.38080597 17.38080597 19.18506241 21.939394 25.60349274 26.72941208 22.17731476 15.91692638 12.77883339 12.40956116 10.70175266 6.65152979 2.9598918 3.07836843 3.85922694 3.85922694 3.96784687 3.63029265 3.21389484 4.13169622 5.88123655 4.28460503 1.97344375 4.28263855 8.16954136 10.08803272 9.66819572 8.6975584 8.04549694
7.4606905 6.66972256 6.66972256 6.08666229 5.55567598 5.21304369 5.36158323 5.76281166 6.28764486 6.76953173 7.26540279 8.10199928 8.49699116 7.38421345 5.84454203 5.69323826 5.69323826 5.32909441 3.59459591 2.09295964 2.17584181 3.30514503 5.10248423 7.01658392 8.70887566 10.07543468 10.75731564 10.41296482 10.97899628 12.92254543 12.92254543 14.26663208 16.115942 20.77203178 25.40880966 24.18133736 17.56357384 13.07399845 12.92841148 12.72282982 9.65565395 5.77359629 3.71079516 2.60521626 2.60521626 2.08986115 2.23316097 2.39366174 2.99146795 5.68765831 5.43111038 3.94688749 5.53147936 7.94654655 9.09881783 8.2835207 7.69364738 7.29344368
8.34408283 7.72046852 7.72046852 7.38316011 7.13899136 6.79904604 6.69183731 6.86553144 7.31579876 7.92343569 8.51040268 9.13123512 8.89148998 7.29770708 5.94218159 6.1485219 6.1485219 5.87583542 4.19982862 3.25615978 4.49322701 6.2408886 8.56414223 10.96559048 12.08147335 11.37901878 10.06230545 9.00719738 9.10735989 11.3225584 11.3225584 13.36182117 13.49270248 15.45201206 21.1539135 23.83365822 20.04618263 13.86673069 11.74929905 11.04818821 9.75227928 7.9073081 5.42060089 3.24898744 3.24898744 2.52770257 3.20238161 3.76419544 3.61670136 5.85373735 7.12081432 5.90773058 5.88861418 7.27396011 7.93602037 7.61568069 7.83444691 8.01669121
8.78060627 8.47102261 8.47102261 8.31607819 8.19765091 7.95697737 7.83395052 7.96186209 8.40744495 9.07385731 9.63671017 9.69957829 8.88879299 7.26531363 6.05667257 6.0395298 6.0395298 5.78525734 4.65459251 4.68415213 6.45404816 7.50744581 8.93046761 10.89557743 11.14140415 9.02459049 7.15105343 6.44349718 6.49248791 8.6509428 8.6509428 11.20658684 10.04251575 9.11333466 13.9696703 21.84847069 22.7933445 16.96501732 11.5343914 7.75405216 6.53655338 8.25531101 8.72270393 7.53492975 7.53492975 5.77180052 5.18512487 4.75418139 3.91490698 5.48335648 7.66225147 7.71190262 7.05829573 7.20008993 7.34973288 7.46876383 8.1558075 8.33351421
8.78060627 8.47102261 8.47102261 8.31607819 8.19765091 7.95697737 7.83395052 7.96186209 8.40744495 9.07385731 9.63671017 9.69957829 8.88879299 7.26531363 6.05667257 6.0395298 6.0395298 5.78525734 4.65459251 4.68415213 6.45404816 7.50744581 8.93046761 10.89557743 11.14140415 9.02459049 7.15105343 6.44349718 6.49248791 8.6509428 8.6509428 11.20658684 10.04251575 9.11333466 13.9696703 21.84847069 22.7933445 16.96501732 11.5343914 7.75405216 6.53655338 8.25531101 8.72270393 7.53492975 7.53492975 5.77180052 5.18512487 4.75418139 3.91490698 5.48335648 7.66225147 7.71190262 7.05829573 7.20008993 7.34973288 7.46876383 8.1558075 8.33351421
