gis_spread_split/user_files/wind_dir.asc
ncols 438
nrows 399
xllcorner 1138464.4323428
yllcorner 4858316.0529076
cellsize 2775.096284
NODATA_value -9999
[rows 300 to 324 of 399, columns 56 to 111 of 438]
-9999 -9999 -9999 -9999 -9999 -9999 -9999 150.88014221 154.81617737 158.54202271 162.08036804 165.48573303 167.81343079 169.66191101 171.68843079 173.50473022 174.21888733 173.46864319 172.42770386 172.60598755 173.31309509 173.50065613 174.46861267 176.46920776 177.83892822 177.52740479 174.68917847 169.77226257 165.05812073 163.6257782 164.06854248 163.87876892 163.50213623 164.70567322 165.69650269 165.52970886 167.03388977 169.97946167 171.5322113 170.62791443 166.32868958 159.1822052 153.38630676 152.37225342 154.75489807 156.17396545 152.91879272 136.82797241 101.6893692 92.8063736 108.74690247 112.3608551 108.61151886 101.47148132 89.7098999 79.46474457
-9999 -9999 -9999 -9999 -9999 -9999 -9999 154.7988739 158.28479004 161.23872375 164.34683228 167.50042725 169.66108704 171.38078308 172.91671753 174.27888489 175.31898499 175.10090637 174.31246948 174.23854065 174.40066528 173.8972168 174.324646 176.05480957 177.60931396 177.73950195 175.22314453 169.88142395 164.88883972 162.94749451 163.00112915 162.19972229 161.33425903 161.78820801 162.13903809 161.83990479 163.41572571 166.31721497 168.1915741 169.16209412 167.34217834 159.97390747 153.32894897 153.4896698 160.77542114 170.08227539 174.31396484 157.38014221 106.26020813 90 105.57254791 112.96922302 112.4569397 111.1830368 106.41590118 98.10812378
-9999 -9999 -9999 -9999 -9999 -9999 -9999 158.19859314 161.23872375 163.93795776 166.68939209 168.96832275 170.86114502 172.65878296 173.91146851 174.81494141 176.06832886 176.44073486 175.79988098 175.16558838 174.82635498 174.67724609 175.08093262 176.28045654 177.36877441 177.65312195 175.4622345 170.64701843 165.57478333 162.54911804 161.40545654 160.17352295 158.75897217 158.31278992 158.07730103 157.76409912 159.60153198 162.92451477 165.6374054 167.7061615 167.03372192 161.21734619 155.19903564 155.38676453 164.2527771 177.05490112 -175.51956177 174.66368103 125.71995544 90.38452911 102.20758057 113.24290466 114.00605011 114.22091675 113.57470703 107.14873505
-9999 -9999 -9999 -9999 -9999 -9999 -9999 161.09542847 163.395401 165.93063354 168.63859558 170.27243042 171.85301208 173.71022034 174.7766571 175.31243896 176.37480164 177.11054993 176.69813538 176.0665741 175.56266785 175.54440308 176.25003052 176.88697815 177.16685486 177.13209534 175.41467285 171.670578 167.12071228 162.88735962 160.36003113 158.51177979 156.31192017 154.89027405 153.70249939 152.62490845 153.79304504 157.51272583 161.71386719 165.20103455 166.08750916 163.00227356 159.39373779 159.6368103 165.47215271 176.27264404 -175.34042358 -178.24435425 147.72434998 93.90854645 99.81478882 113.66647339 116.30252838 115.85334015 118.23191833 116.56505585
-9999 -9999 -9999 -9999 -9999 -9999 -9999 163.8986969 165.83294678 167.81343079 170.24363708 171.76751709 173.10630798 174.69328308 175.47221375 175.80050659 176.31484985 176.71911621 176.93806458 176.95697021 176.49481201 176.28471375 176.76899719 176.95426941 176.6441803 176.17906189 174.84056091 172.13745117 168.16635132 163.42030334 159.82543945 157.40213013 155.0118866 152.75743103 150.49609375 147.56347656 146.55871582 148.70372009 152.86769104 157.92471313 161.75894165 163.36299133 163.07249451 162.49409485 163.08045959 169.77494812 -179.67811584 -175.45393372 169.88604736 115.32736969 109.04935455 120.8523941 122.81634521 119.8270874 122.56581116 126.65938568
-9999 -9999 -9999 -9999 -9999 -9999 -9999 166.53102112 168.17851257 169.76345825 171.85223389 173.34558105 174.51641846 175.5587616 175.91438293 176.14651489 176.39408875 176.38421631 176.65368652 177.28930664 177.08650208 176.84152222 177.07221985 177.0113678 176.44827271 175.74617004 174.63777161 172.27285767 168.39985657 163.45898438 159.51298523 157.23181152 155.22485352 153.03890991 149.89993286 145.47650146 142.19216919 141.17616272 142.05024719 146.02345276 153.10134888 158.4875946 160.2011261 159.33831787 157.98214722 160.70996094 171.20791626 -178.32872009 -177.58049011 161.56504822 140.12818909 138.07745361 132.16120911 118.64133453 111.68228912 115.09625244
-9999 -9999 -9999 -9999 -9999 -9999 -9999 168.76916504 170.24363708 171.65937805 173.40408325 174.85839844 175.96229553 176.6207428 176.4561615 176.54074097 176.6280365 176.35720825 176.33329773 176.94821167 177.13760376 177.20730591 177.54048157 177.2628479 176.47148132 175.70866394 174.50233459 172.13330078 168.33122253 163.51356506 159.73146057 157.72190857 156.49742126 154.47987366 150.7762146 145.83435059 141.9427948 139.54719543 138.28314209 140.48616028 147.10307312 152.91812134 154.44003296 154.58921814 153.66574097 153.09048462 159.42845154 173.23141479 -175.91438293 -176.30235291 172.14668274 159.24798584 142.019104 110.59233093 85.98041534 83.39516449
-9999 -9999 -9999 -9999 -9999 -9999 -9999 171.09518433 172.31404114 173.6598053 175.4828949 176.77548218 177.66043091 177.95458984 177.43009949 176.76583862 176.65534973 176.48394775 176.2923584 176.56637573 176.96624756 177.47967529 177.8875885 177.60441589 176.70988464 175.75506592 174.20141602 171.77555847 168.32461548 164.19749451 160.44801331 158.46150208 157.58624268 155.81506348 151.97099304 147.03773499 143.04685974 140.79502869 140.39910889 142.9319458 147.78521729 150.973526 151.07357788 150.96972656 150.16445923 147.5844574 149.01396179 161.95883179 -179.83815002 -170.45399475 -172.61039734 175.6013031 152.87187195 114.77513885 91.88404846 91.48786926
-9999 -9999 -9999 -9999 -9999 -9999 -9999 173.60340881 174.65960693 176.02583313 178.02105713 179.20585632 179.55671692 179.57559204 178.49256897 177.21897888 176.71911621 176.52651978 176.5015564 176.61462402 177.08248901 177.73435974 178.20765686 178.05456543 177.4466095 176.40937805 174.49731445 171.95904541 168.96142578 165.26689148 161.46800232 159.05853271 158.19859314 156.91326904 153.67669678 149.29449463 145.49707031 143.61079407 144.62120056 147.35359192 149.68322754 149.91908264 148.28239441 146.73173523 145.75968933 143.38139343 141.47612 149.00296021 169.8608551 -173.13456726 -167.30566406 -174.06259155 163.21270752 133.33627319 127.41963196 139.74490356
-9999 -9999 -9999 -9999 -9999 -9999 -9999 176.09379578 177.05175781 178.45184326 -179.54255676 -178.44282532 -178.36962891 -178.96214294 179.7041626 178.21887207 177.24836731 176.85317993 176.614151 176.78451538 177.40101624 178.13232422 178.68397522 178.67683411 178.27380371 177.21482849 175.43214417 172.98112488 170.11120605 166.40699768 162.59729004 160.07072449 158.98530579 157.8150177 155.36387634 152.16517639 149.26196289 147.98233032 149.05747986 150.46499634 150.07200623 148.41871643 145.54554749 142.35238647 140.94314575 140.03967285 136.51049805 135.6330719 149.42077637 175.27554321 -165.91401672 -164.41703796 177.46923828 139.85310364 132.54914856 153.97674561
-9999 -9999 -9999 -9999 -9999 -9999 -9999 178.38821411 179.75926208 -178.83085632 -177.07583618 -175.99151611 -176.1443634 -177.20730591 -178.75878906 179.72673035 178.52897644 177.5032196 176.98721313 176.97045898 177.64024353 178.59329224 179.30224609 179.30130005 178.81962585 177.87890625 176.44294739 174.32748413 171.38435364 167.77342224 164.25860596 161.7980957 160.24542236 158.40255737 156.56440735 154.68574524 152.83502197 152.07847595 152.77450562 153.14703369 151.59117126 149.0819397 145.32154846 140.5453186 137.72631836 136.92195129 133.52539062 127.31942749 128.77113342 153.43495178 -167.19573975 -155.65890503 -160.2440033 152.98733521 112.47943878 138.07745361
-9999 -9999 -9999 -9999 -9999 -9999 -9999 -179.2623291 -177.51557922 -175.90629578 -174.53898621 -173.92533875 -174.22010803 -175.47117615 -177.0297699 -178.53561401 180 178.79141235 177.94329834 177.66586304 178.14741516 179.14489746 -179.92247009 -179.84515381 179.60971069 178.74095154 177.40458679 175.49415588 172.77996826 169.39967346 166.12141418 163.69091797 161.49740601 159.4052887 158.03100586 156.80140686 155.49876404 155.04095459 155.83482361 156.08990479 155.14213562 152.43707275 147.75923157 141.68818665 136.91827393 133.97862244 130.15258789 123.49300385 118.03385162 127.7197113 176.91781616 -161.76060486 -157.88064575 -161.77493286 140.3710022 133.85879517
-9999 -9999 -9999 -9999 -9999 -9999 -9999 -176.8336792 -175.13058472 -173.51445007 -172.66767883 -172.49111938 -172.96902466 -173.97689819 -175.30714417 -176.63835144 -178.1678009 -179.52908325 179.53482056 178.92631531 179.0821228 180 -179.06970215 -178.90878296 -179.21838379 179.84346008 178.34542847 176.45800781 174.12825012 170.96742249 167.86572266 165.24177551 162.87387085 160.96714783 159.77514648 158.86305237 157.7559967 157.35169983 157.6545105 158.10180664 157.54144287 155.00669861 150.2227478 144.24610901 138.10166931 132.30899048 127.19589996 122.57766724 118.42121124 122.00538635 147.13131714 169.83222961 -177.93618774 -170.53767395 173.04704285 147.71455383
-9999 -9999 -9999 -9999 -9999 -9999 -9999 -174.61508179 -173.31613159 -171.89955139 -171.15602112 -171.21807861 -171.74342346 -172.64216614 -173.6418457 -174.72731018 -176.13973999 -177.55360413 -178.70669556 -179.54286194 -179.6940155 -178.92198181 -178.21975708 -178.11955261 -178.34770203 -179.21517944 179.13433838 177.30384827 175.26255798 172.487854 169.51139832 167.02589417 164.53666687 162.31095886 161.34637451 160.74871826 159.99621582 159.54647827 159.23191833 158.79077148 158.22341919 156.46961975 152.53977966 147.43544006 141.06007385 133.53620911 127.49111938 125.12000275 125.73547363 129.53616333 135.38197327 143.18780518 160.88702393 -178.82606506 -177.11358643 160.3049469
-9999 -9999 -9999 -9999 -9999 -9999 -9999 -172.76483154 -171.69204712 -170.55395508 -169.92144775 -169.98170471 -170.55160522 -171.43305969 -172.29135132 -173.13000488 -174.28193665 -175.58984375 -176.86975098 -177.74838257 -178.02507019 -177.62362671 -177.14529419 -177.11424255 -177.48312378 -178.26667786 -179.76324463 178.41764832 176.4932251 173.94100952 171.31364441 168.99203491 166.36442566 163.62918091 162.52729797 162.61761475 162.44410706 161.96018982 161.27630615 160.07441711 159.07922363 158.02330017 155.36621094 151.11753845 145.41960144 138.23590088 132.42085266 130.73536682 132.57366943 134.72320557 131.63354492 123.34070587 130.51539612 165.8505249 -168.58416748 -162.89727783
-9999 -9999 -9999 -9999 -9999 -9999 -9999 -171.31799316 -170.3421936 -169.47790527 -169.05723572 -169.12411499 -169.41043091 -170.05621338 -170.80334473 -171.67799377 -172.57826233 -173.68437195 -174.89257812 -175.75535583 -176.23101807 -176.17576599 -175.90338135 -175.94215393 -176.39927673 -177.23994446 -178.49464417 179.76356506 177.69989014 175.49655151 173.17922974 170.9694519 168.14277649 165.38369751 164.33045959 164.77630615 164.64987183 164.20881653 163.51426697 162.03433228 160.40988159 159.25392151 157.49468994 154.2855072 149.65383911 143.72338867 138.62657166 136.24087524 135.76976013 136.2293396 132.646698 119.35775757 106.30171204 113.86017609 123.69007111 0
-9999 -9999 -9999 -9999 -9999 -9999 -9999 -170.16383362 -169.2026062 -168.49902344 -168.08943176 -167.93389893 -168.14411926 -168.55259705 -169.30516052 -170.24061584 -171.14012146 -172.05996704 -173.05065918 -173.94018555 -174.40213013 -174.6607666 -174.65859985 -174.69987488 -175.40435791 -176.38447571 -177.38304138 -178.89677429 179.12713623 177.16589355 175.16279602 172.82511902 170.22349548 167.77664185 166.82745361 167.0144043 166.66316223 166.17506409 165.58285522 163.99897766 161.60803223 159.79536438 158.50241089 156.53392029 153.18904114 148.20109558 143.38018799 139.47489929 136.34666443 134.77264404 133.98474121 129.58297729 118.51124573 107.78388977 96.95295715 82.05652618
-9999 -9999 -9999 -9999 -9999 -9999 -9999 -168.94569397 -167.97369385 -167.3321228 -166.72631836 -166.51052856 -166.78193665 -167.31208801 -167.94252014 -168.95545959 -169.87533569 -170.65997314 -171.63844299 -172.42019653 -172.76307678 -173.10922241 -173.33924866 -173.50646973 -174.27403259 -175.24928284 -176.14408875 -177.47967529 -179.28582764 179.03034973 177.23893738 174.85723877 172.53125 170.96755981 170.08505249 169.92449951 169.48738098 168.73725891 167.58255005 165.80145264 163.57235718 161.65081787 160.02842712 158.39692688 155.91400146 151.71781921 147.23150635 142.79208374 137.78517151 133.99491882 133.88760376 136.47962952 139.73344421 143.673172 142.59465027 143.39292908
-9999 -9999 -9999 -9999 -9999 -9999 -9999 -167.46148682 -166.63140869 -166.24580383 -165.59043884 -165.3290863 -165.79418945 -166.3730011 -166.86352539 -167.7638855 -168.66081238 -169.38948059 -170.27033997 -170.90385437 -171.15162659 -171.50994873 -171.97659302 -172.27944946 -172.94143677 -173.90637207 -174.71421814 -175.93663025 -177.56167603 -178.96272278 179.43434143 177.29705811 175.48377991 174.48509216 173.99650574 173.6010437 172.83529663 171.56892395 169.75009155 167.74078369 165.99578857 164.52526855 162.39537048 160.02812195 157.35969543 154.16325378 151.07995605 147.90328979 143.19085693 138.75172424 137.82017517 140.63594055 146.00354004 155.31282043 160.70996094 163.41265869
-9999 -9999 -9999 -9999 -9999 -9999 -9999 -166.44400024 -165.6206665 -165.24002075 -164.79344177 -164.56748962 -165.03401184 -165.52259827 -165.94561768 -166.82745361 -167.61572266 -168.24075317 -169.00645447 -169.53787231 -169.70175171 -170.09928894 -170.64788818 -171.03128052 -171.65611267 -172.5358429 -173.32148743 -174.42781067 -175.78663635 -176.99551392 -178.31059265 180 178.57835388 177.76100159 177.24836731 176.69642639 175.5118866 173.82728577 171.99879456 170.21340942 168.5160675 167.13920593 165.09335327 162.29957581 159.61302185 156.67803955 154.35899353 153.04998779 151.034729 148.24742126 147.13388062 147.49247742 148.98756409 155.97679138 162.7951355 166.51531982
-9999 -9999 -9999 -9999 -9999 -9999 -9999 -165.7232666 -164.79421997 -164.44232178 -164.05461121 -163.91900635 -164.29136658 -164.7383728 -165.26766968 -166.08750916 -166.80938721 -167.35322571 -167.95555115 -168.28152466 -168.40782166 -168.78936768 -169.30429077 -169.68203735 -170.34321594 -171.08940125 -171.84861755 -172.66711426 -173.73651123 -174.84091187 -176.09590149 -177.31622314 -178.43177795 -179.58056641 179.65742493 178.88008118 177.4052887 175.78675842 174.71182251 173.38020325 171.52642822 170.06788635 168.5965271 166.42956543 163.37213135 159.79443359 157.19262695 157.26153564 157.83877563 157.52056885 157.67134094 156.51861572 154.73443604 157.41816711 160.97439575 163.30075073
-9999 -9999 -9999 -9999 -9999 -9999 -9999 -165.21194458 -164.36373901 -163.8037262 -163.48764038 -163.34327698 -163.62283325 -164.07460022 -164.61152649 -165.33683777 -165.8772583 -166.39390564 -166.9417572 -167.12696838 -167.22692871 -167.54014587 -167.88038635 -168.24047852 -168.8742981 -169.49255371 -170.07737732 -170.8921051 -171.66706848 -172.62802124 -173.90940857 -174.97854614 -175.8624115 -177.10456848 -178.22592163 -179.14489746 179.48384094 178.00111389 177.27786255 176.13816833 174.37075806 173.45027161 172.52331543 170.20680237 166.99697876 163.2303772 160.69763184 161.13748169 162.78201294 164.18591309 165.6547699 165.37055969 162.68560791 161.70378113 161.63067627 161.49819946
-9999 -9999 -9999 -9999 -9999 -9999 -9999 -164.75830078 -163.9825592 -163.33604431 -162.95097351 -162.82284546 -163.01872253 -163.41703796 -163.94725037 -164.54023743 -164.99157715 -165.60820007 -166.04794312 -166.14857483 -166.24880981 -166.56896973 -166.67547607 -166.96855164 -167.50959778 -167.94528198 -168.44950867 -169.24632263 -169.90647888 -170.51303101 -171.74057007 -172.73979187 -173.47569275 -174.74711609 -176.12565613 -177.15431213 -178.47473145 -179.91461182 179.06498718 177.87576294 176.53700256 176.05180359 175.11331177 172.76585388 169.77030945 166.85513306 164.93600464 165.00271606 166.13031006 167.72851562 170.69006348 172.04692078 169.35267639 166.8589325 165.28688049 163.48867798
-9999 -9999 -9999 -9999 -9999 -9999 -9999 -164.09529114 -163.27279663 -162.59011841 -162.17623901 -162.10386658 -162.34681702 -162.65435791 -163.30743408 -163.97839355 -164.52033997 -165.13053894 -165.53396606 -165.56793213 -165.65066528 -165.83166504 -165.74786377 -165.91377258 -166.315979 -166.57507324 -166.97364807 -167.6413269 -168.12252808 -168.54611206 -169.58181763 -170.75039673 -171.51907349 -172.59231567 -174.06640625 -175.44551086 -176.86590576 -178.41349792 -179.58056641 179.24835205 178.15509033 177.56513977 176.56469727 174.57571411 172.45162964 170.73339844 169.32713318 168.82757568 168.86871338 169.73728943 172.98025513 176.10502625 175.0189209 172.59056091 170.50389099 168.32325745
-9999 -9999 -9999 -9999 -9999 -9999 -9999 -163.25241089 -162.4672699 -161.85612488 -161.45379639 -161.47683716 -161.74107361 -162.15751648 -162.80615234 -163.51756287 -164.12043762 -164.74488831 -165.11207581 -165.19462585 -165.22903442 -165.24617004 -165.04684448 -165.02940369 -165.23916626 -165.39929199 -165.59637451 -166.03118896 -166.49331665 -166.96792603 -167.80909729 -168.89344788 -169.76931763 -170.84008789 -172.23483276 -173.79998779 -175.34944153 -176.9957428 -178.27671814 -179.34051514 179.50395203 178.59069824 177.58283997 176.21943665 174.85136414 173.78352356 172.8187561 172.44366455 172.2401886 172.31602478 174.45880127 178.28652954 179.47914124 178.18580627 175.23635864 173.38397217
