gis_spread_split/user_files/wind_dir.asc
ncols 438
nrows 399
xllcorner 1138464.4323428
yllcorner 4858316.0529076
cellsize 2775.096284
NODATA_value -9999
[rows 75 to 99 of 399, columns 56 to 111 of 438]
7.25319481 5.71059322 -2.01662397 -21.69511032 -34.21570206 -17.81888962 -4.17476988 -4.17476988 12.12709141 32.63350296 30.9064045 10.30484676 -6.97492981 -8.03944492 0.42757252 12.38075733 3.52145338 -31.40516472 -44.40525436 -44.11859512 -44.11859512 -39.13040161 -36.47612 -38.48469925 -43.72697067 -48.52145386 -52.19923401 -55.34164429 -58.15094757 -63.01977158 -67.38013458 -69.44395447 -69.19320679 -63.92464447 -63.92464447 -45.80693054 -24.53772926 -9.09027672 8.29714489 28.85566139 42.66269302 50.65948105 49.25383759 39.44702911 32.39984131 27.1304512 19.29004669 13.86968613 13.86968613 11.30993271 7.48088646 2.6506896 0 -1.35106504 -1.56222498 -0.72829694
90.90937805 77.61924744 0 -58.62699509 -59.53445435 -19.7079792 9.14164066 9.14164066 32.07400131 43.56790543 30.01836777 8.48894405 -3.89497828 -5.83662844 -1.74450982 4.71153116 3.65222287 -12.55755615 -29.3806076 -35.55884552 -35.55884552 -35.14554596 -35.28120804 -39.73505402 -45.70732117 -47.64254379 -45.77421951 -47.91083908 -59.17233658 -70.40772247 -76.70143127 -74.74488068 -67.4569397 -51.84277344 -51.84277344 -31.53479195 -11.72511196 4.08561659 17.81888962 28.07248688 34.09497833 38.65980911 39.24543381 33.39848709 26.97284317 20.01876068 13.32453156 9.09027672 9.09027672 6.07245636 1.97493398 -1.04638195 -2.05457282 -2.33202362 -2.27044964 -2.7145772
90.90937805 77.61924744 0 -58.62699509 -59.53445435 -19.7079792 9.14164066 9.14164066 32.07400131 43.56790543 30.01836777 8.48894405 -3.89497828 -5.83662844 -1.74450982 4.71153116 3.65222287 -12.55755615 -29.3806076 -35.55884552 -35.55884552 -35.14554596 -35.28120804 -39.73505402 -45.70732117 -47.64254379 -45.77421951 -47.91083908 -59.17233658 -70.40772247 -76.70143127 -74.74488068 -67.4569397 -51.84277344 -51.84277344 -31.53479195 -11.72511196 4.08561659 17.81888962 28.07248688 34.09497833 38.65980911 39.24543381 33.39848709 26.97284317 20.01876068 13.32453156 9.09027672 9.09027672 6.07245636 1.97493398 -1.04638195 -2.05457282 -2.33202362 -2.27044964 -2.7145772
149.31483459 144.78240967 132.0891571 135 -45 11.30993271 41.98721313 41.98721313 61.85839844 57.52880859 33.19756699 10.66978264 -3.04837489 -9.8939209 -10.67894745 -6.17017508 -5.05986881 -13.83282757 -24.23903465 -28.44292831 -28.44292831 -30.02316475 -34.82448959 -43.04193115 -48.96465683 -47.04541016 -41.94130325 -42.37359619 -50.71059418 -56.76828766 -61.11341858 -61.38954163 -52.12501526 -33.69006729 -33.69006729 -17.1027298 -2.96093607 10.61965561 21.94869995 28.4956398 30.39872742 33.34070587 33.85100937 26.56505203 17.87869644 11.46395302 7.79560232 4.83889866 4.83889866 1.140064 -1.90011096 -3.64118528 -4.10387564 -4.72240686 -4.54533529 -4.52647543
164.8270874 150.68998718 132.39744568 118.85565948 106.99082184 82.56859589 66.80140686 66.80140686 55.71312332 37.47618103 21.61477852 5.12819099 -9.06650257 -18.76806068 -22.22962189 -23.60411453 -27.82409668 -34.35937881 -35.92294693 -32.10625458 -32.10625458 -32.88124084 -40.29214859 -47.51687622 -49.8645134 -48.40644455 -47.72631073 -50.41186905 -51.60483551 -47.67542648 -44.45434189 -41.8550415 -32.31961823 -18.74134064 -18.74134064 -5.61758041 7.88313961 16.26020432 23.00887108 27.79044342 28.75712204 28.56583786 27.05059814 19.72227859 11.30993271 5.82634211 2.3579061 -0.90459502 -0.90459502 -3.38300586 -4.04720211 -4.76364183 -6.31121063 -7.56142855 -7.54652262 -6.85246992
167.09259033 155.2975769 142.69606018 124.69515228 99.72757721 63.43494797 29.47588921 29.47588921 4.63546324 -6.98105764 -13.57043457 -18.68735123 -22.56700897 -25.09625053 -29.4274559 -38.65980911 -49.61064911 -55.71312332 -53.84181595 -45.76390076 -45.76390076 -40.81508255 -43.91907501 -47.48955154 -47.69428635 -48.08481216 -51.73601151 -59.18429565 -59.3493309 -51.07245636 -43.11181259 -34.24903488 -23.74949455 -13.34872723 -13.34872723 0 12.26477337 17.21607399 18.90457535 21.42529488 21.27960396 19.72227859 17.94244766 14.03624344 8.26717377 3.22452259 -1.70472836 -5.46909523 -5.46909523 -6.21563578 -5.924582 -6.8323617 -8.35075283 -8.70737076 -9.17042446 -9.03948307
174.72610474 164.84593201 154.35899353 107.35402679 58.67130661 36.25383759 14.34933186 14.34933186 -5.49232483 -22.1663456 -33.94358826 -36.86989975 -36.08507156 -35.83765411 -40.29214859 -47.60256195 -49.21417999 -45.64374542 -40.8553772 -34.77783203 -34.77783203 -31.89079285 -36.68972397 -44.47436523 -47.12109756 -47.4540329 -50.90614319 -51.74557877 -45 -36.30449677 -26.99583817 -18.1218605 -11.6893692 -5.19442892 -5.19442892 3.1363585 9.86580658 11.48199177 11.92932224 14.19109631 15.20803928 12.58296299 9.79984856 6.74005604 2.81555676 -1.18526077 -5.01311398 -7.53506374 -7.53506374 -7.96961069 -8.70495701 -10.02318192 -9.97771263 -8.82478428 -9.03948307 -9.29330826
-154.85520935 -165.96376038 143.13009644 49.76364136 47.48955154 36.57303238 14.34933186 14.34933186 -5.49232483 -21.99113083 -34.5625267 -40.48601151 -45 -51.34019089 -57.99461746 -57.1714592 -48.69138718 -42.43622971 -40.31410217 -35.83765411 -35.83765411 -32.22875595 -37.87498474 -46.43209839 -47.02136612 -48.36646271 -51.66666031 -44.23610306 -29.24882698 -17.30052757 -11.80243397 -9.32359219 -7.0165019 -0.78482461 -0.78482461 3.48932505 5.63068295 4.76364183 6.25403261 10.04202366 10.39733315 7.49585772 4.36157274 0.45835647 -3.87125635 -7.41463041 -9.06285572 -9.82527733 -9.82527733 -10.61965561 -11.91767597 -12.61932278 -11.58512592 -10.65390301 -10.93684864 -10.20923424
-129.52262878 -133.66778564 -135 53.97262573 51.95295715 41.18592453 21.1612606 21.1612606 2.79270244 -11.30993271 -22.52056503 -31.42956543 -40.91438293 -52.12501526 -61.18920517 -70.34617615 -56.30993271 -48.50353241 -47.12109756 -46.08092499 -46.08092499 -43.99491501 -48.23970032 -46.33222198 -30.57922745 -26.56505203 -33.69006729 -27.29957199 -19.17900848 -14.7435627 -14.87568188 -15.70863819 -14.25003242 -6.84277344 -6.84277344 -1.31691241 0.72522432 2.45403171 4.70785236 6.34019184 5.37099457 3.28386235 0 -3.81407475 -8.13010216 -11.30993271 -12.29526615 -13.16579437 -13.16579437 -14.6208744 -14.46117401 -13.82429981 -13.39249802 -13.89424706 -13.96637058 -12.84275436
-127.30394745 -127.74680328 -123.69007111 -26.56505203 43.15238953 42.27368927 38.36748505 38.36748505 26.56505203 7.35237932 -14.5344553 -28.61046028 -35.53767776 -43.15238953 -57.99461746 -165.96376038 -63.43494797 -42.87890244 -45 -48.57633591 -48.57633591 -50.90614319 -50.19442749 -15.94539642 34.99201965 34.50852203 22.9321003 11.30993271 -2.12109637 -11.8420763 -16.16449928 -17.9691391 -16.14433861 -10.42071247 -10.42071247 -5.35582495 -1.86767888 1.25904524 2.22396135 1.99209356 1.43209624 0 -3.46822929 -7.8957653 -11.6893692 -13.69005013 -15.25511837 -17.0328846 -17.0328846 -18.04782104 -17.57125854 -16.81470108 -16.64209175 -16.30700493 -14.59657574 -13.25723934
-116.56505585 -115.27772522 -117.55281067 -128.6598053 65.22486115 63.43494797 60.94539642 60.94539642 48.65222168 36.86989975 32.00538254 21.80140877 0 -7.12501621 90 147.99461365 147.99461365 165.96376038 -153.43495178 -150.25512695 -150.25512695 180 81.86989594 94.08561707 86.63353729 55.61965561 38.41805649 23.96249008 6.88172388 -7.32640696 -13.201087 -15.36161613 -13.33924866 -10.10503674 -10.10503674 -7.81529379 -6.70983696 -4.23639488 -2.98663712 -2.93567348 -2.42633581 -3.66193557 -7.39400864 -11.86773205 -14.93141747 -17.78388786 -19.78650475 -20.59408951 -20.59408951 -20.78265953 -21.20021629 -21.33226395 -20.66360855 -18.43494987 -15.90470314 -14.17806435
-117.12130737 -121.21840668 -131.82017517 -168.69006348 130.6013031 105.06848907 93.81407928 93.81407928 75.52970886 64.17900848 70.34617615 76.6075058 74.05460358 84.80557251 114.44395447 132.2736969 143.74617004 152.24145508 164.74488831 157.16635132 157.16635132 123.69007111 97.12501526 90 75.06858063 50.59933853 34.77783203 20.69545174 4.01417589 -7.22431564 -12.7452898 -16.02586746 -15.20803928 -12.52880764 -12.52880764 -12.02227688 -12.75753212 -11.21063328 -9.86580658 -8.74616241 -7.47155905 -8.3786726 -11.39213562 -14.70355225 -17.85622406 -21.6704483 -23.60947037 -23.6875267 -23.6875267 -23.62937737 -24.25715065 -24.313797 -23.239254 -20.99285316 -19.21709442 -17.48010826
-134.02897644 -138.94519043 -149.34933472 -170.909729 154.53665161 128.6598053 120.69972229 120.69972229 112.38013458 102.20046997 101.30993652 104.53445435 109.29004669 122.90524292 136.73570251 141.3401947 142.69606018 143.13009644 140.52754211 125.83765411 125.83765411 109.7988739 95.71059418 79.69515228 59.03624344 39.5226326 23.96249008 10.61965561 1.5074358 -3.85680103 -8.61564827 -13.15094852 -14.7435627 -15.17291546 -15.17291546 -15.62423515 -16.27967262 -16.08165169 -15.34089088 -14.26451206 -13.1632328 -13.93168926 -16.22736168 -18.31381607 -21.39981079 -24.06872368 -25.03752518 -25.68814278 -25.68814278 -26.78929901 -27.00833702 -26.34425926 -24.91274643 -23.0368309 -21.1612606 -18.53255653
-145.30484009 -147.52880859 -157.93209839 -171.02737427 166.75947571 143.42697144 133.15238953 133.15238953 127.64762115 122.90524292 120.69972229 119.74488068 120.25643921 127.69424438 139.18492126 143.84181213 143.84181213 140.44033813 133.45184326 120.57923126 120.57923126 103.49573517 85.76360321 63.43494797 43.99491501 28.52311897 15.70863819 7.64040661 2.36137462 -2.6506896 -7.24450684 -10.78429794 -12.99461651 -16.12259865 -16.12259865 -18.15949059 -18.28915787 -19.04123116 -19.78107643 -18.72578812 -17.43487549 -18.57234955 -20.36553574 -22.56254005 -25.47826958 -27.01266479 -26.85812187 -28.14820099 -28.14820099 -29.82342339 -29.83875847 -28.95573425 -28.61046028 -26.56505203 -22.5430603 -18.23600578
-165.46554565 -155.32313538 -162.71850586 -175.42608643 172.18470764 160.49755859 149.23727417 149.23727417 138.69139099 129.61068726 122.19573212 116.56505585 113.74949646 120.57923126 130.36453247 133.53120422 136.39718628 137.8624115 138.17982483 122.90524292 122.90524292 81.46923828 51.95295715 39.80557251 27.09555244 15.4221611 7.80018806 3.17983007 -1.68468428 -8.20235443 -12.47907162 -13.52831554 -15.32691765 -18.56606102 -18.56606102 -20.30844116 -20.55604553 -21.29735374 -21.96724319 -20.81506538 -20.50498009 -21.57130814 -22.79652214 -24.80019379 -27.47443199 -29.05460358 -29.18080711 -30.14138603 -30.14138603 -31.34034348 -30.6664505 -30.14836693 -30.65876389 -28.97970772 -25.07866859 -20.7640686
-178.49256897 -159.9047699 -161.56504822 -171.86990356 178.93908691 173.77416992 166.23921204 166.23921204 156.44773865 146.76829529 135 123.69007111 122.00538635 130.91438293 129.47245789 127.40535736 123.69007111 123.69007111 109.98310852 63.43494797 63.43494797 36.38435364 29.53878212 21.12471962 12.52880764 6.95295763 2.38594413 -2.6506896 -6.76617479 -11.22245789 -14.5344553 -16.21338272 -17.58348274 -19.29004669 -19.29004669 -20.55604553 -20.85445786 -21.88233566 -22.12194252 -21.56201363 -22.65189171 -24.47616196 -25.4322319 -26.41103172 -28.32293701 -29.66671562 -30.27855873 -30.7077446 -30.7077446 -31.26373291 -31.04355621 -30.7189045 -30.32763481 -28.61046028 -25.55007553 -22.5430603
-178.49256897 -159.9047699 -161.56504822 -171.86990356 178.93908691 173.77416992 166.23921204 166.23921204 156.44773865 146.76829529 135 123.69007111 122.00538635 130.91438293 129.47245789 127.40535736 123.69007111 123.69007111 109.98310852 63.43494797 63.43494797 36.38435364 29.53878212 21.12471962 12.52880764 6.95295763 2.38594413 -2.6506896 -6.76617479 -11.22245789 -14.5344553 -16.21338272 -17.58348274 -19.29004669 -19.29004669 -20.55604553 -20.85445786 -21.88233566 -22.12194252 -21.56201363 -22.65189171 -24.47616196 -25.4322319 -26.41103172 -28.32293701 -29.66671562 -30.27855873 -30.7077446 -30.7077446 -31.26373291 -31.04355621 -30.7189045 -30.32763481 -28.61046028 -25.55007553 -22.5430603
-175.48600769 -158.68208313 -157.10945129 -161.56504822 -167.59259033 -171.70285034 -175.81507874 -175.81507874 180 176.05480957 168.11134338 156.0375061 150.25512695 153.43495178 138.36645508 131.63354492 135 45 19.98310661 12.80426598 12.80426598 7.59464359 1.63657701 -4.76364183 -4.02826357 -2.46281672 -3.70842814 -7.47155905 -10.08059788 -11.61148643 -14.12548923 -17.0490303 -18.66691399 -19.48080063 -19.48080063 -20.24368858 -21.42045975 -21.96056366 -21.96056366 -22.19545937 -23.4660759 -25.36441803 -27.70755005 -28.98882294 -30.0543766 -30.96375656 -31.60750198 -31.62229919 -31.62229919 -31.93346405 -32.84754181 -33.02386856 -31.30128288 -29.03027534 -26.34211159 -22.44774818
-172.09283447 -157.47943115 -156.13983154 -156.42529297 -154.39781189 -147.4259491 -137.29060364 -137.29060364 -127.87498474 -125.75389099 -115.34617615 -94.08561707 -84.80557251 -81.86989594 -71.56504822 -90 -71.56504822 -33.69006729 -19.29004669 -18.43494987 -18.43494987 -19.74683762 -22.61986542 -20.65891075 -14.70830441 -10.97224045 -10.71312332 -12.18863297 -13.84069538 -15.78870773 -18.20391846 -20.59817505 -21.45996094 -21.80140877 -21.80140877 -22.61986542 -23.91960335 -23.31093597 -22.97694397 -23.74949455 -24.57766724 -25.20112419 -27.85965157 -30.56627083 -31.74715042 -32.87626266 -33.76964569 -33.00504303 -33.00504303 -32.05348969 -32.3276825 -32.43465042 -31.7497139 -30.32763481 -27.80551338 -22.9321003
-163.30075073 -149.03623962 -151.04901123 -152.92791748 -140.90614319 -119.05460358 -107.35402679 -107.35402679 -105.25511932 -102.75753021 -93.90049744 -86.72951508 -85.76360321 -86.98721313 -77.90524292 -61.38954163 -42.51044846 -31.32869339 -31.21840286 -32.73522568 -32.73522568 -33.42481232 -30.2564373 -23.74949455 -18.62158012 -16.55707169 -16.24287987 -15.94539642 -17.48799706 -20.04524994 -21.54097557 -22.05920601 -22.53678703 -23.29946327 -23.29946327 -24.17144394 -24.62356567 -24.00714684 -23.65421295 -25.79602623 -26.38141251 -26.56505203 -28.27718735 -30.7429657 -31.68636703 -32.96279907 -34.55218124 -33.87331772 -33.87331772 -31.86597824 -30.24045944 -29.5778389 -29.45840454 -28.93753052 -26.12262154 -21.1089077
-150.57254028 -137.9108429 -144.46232605 -154.44003296 -125.21759033 -95.85601807 -95.35582733 -95.35582733 -96.66666412 -93.76403809 -88.23760986 -83.41805267 -81.02737427 -81.57302856 -77.19573212 -61.18920517 -46.39718246 -37.14668655 -36.65610886 -37.7939415 -37.7939415 -39.58813095 -38.90414047 -33.87854004 -27.31560898 -24.370121 -22.1663456 -20.51331902 -21.21411514 -22.43588829 -22.23499107 -21.86430359 -22.39960289 -23.29946327 -23.29946327 -22.87366486 -23.96249008 -24.48248672 -25.12782478 -26.36541557 -27.50424194 -28.09484291 -29.48890877 -30.96375656 -31.87959671 -33.45747375 -35.10174179 -34.34315109 -34.34315109 -31.77693176 -29.79921532 -28.6639576 -27.90929031 -26.1390686 -22.28920937 -17.45369339
-151.99082947 -146.30993652 -161.56504822 160.01689148 -122.00538635 -88.56790161 -89.23609924 -89.23609924 -88.17203522 -83.32553101 -79.50852203 -75.52970886 -69.30455017 -64.1336441 -63.43494797 -58.49573517 -51.76617432 -48.09405899 -44.35625458 -41.49646759 -41.49646759 -41.63354111 -43.47922897 -40.60129547 -35.16643524 -30.3791256 -27.97947502 -26.56505203 -26.30983734 -26.68880081 -26.68880081 -26.43829155 -26.8340435 -25.11483574 -25.11483574 -22.91690254 -23.49856567 -25.72561264 -25.55996513 -25.66519165 -26.13641357 -26.96109962 -28.69176865 -30.48139 -32.12961578 -34.17924118 -35.46336365 -34.04593658 -34.04593658 -30.9266243 -28.73356247 -27.57013702 -26.46218681 -24.1747818 -20.20186806 -15.62423515
-155.49259949 -157.0112915 168.69006348 129.80557251 -99.46232605 -87.66269684 -87.2408905 -87.2408905 -84.23210907 -78.57881165 -76.27770233 -73.83550262 -70.94229889 -69.71743774 -66.64443207 -59.42077255 -53.74616241 -49.96974182 -46.54815674 -45 -45 -44.53419113 -43.23760986 -40.23635864 -35.95242691 -32.0778656 -30.02456665 -29.17384529 -29.16761398 -30.13344193 -31.01243591 -30.81570625 -29.55640984 -26.56505203 -26.56505203 -24.00714684 -24.14554214 -24.67686272 -25.05761528 -25.69918633 -26.01014519 -26.30696487 -27.97947502 -29.83553886 -31.27770233 -32.90524292 -33.92658234 -32.27564621 -32.27564621 -29.30033112 -27.22685432 -25.98923302 -25.18943024 -23.25741577 -19.51587296 -15.03452015
-143.89254761 -141.95295715 -140.90614319 -130.6013031 -85.4260788 -82.27817535 -84.22567749 -84.22567749 -82.51911163 -78.11134338 -75.80144501 -75.41107941 -74.74488068 -76.18497467 -72.14968109 -64.20397186 -57.46493149 -50.8696022 -46.33222198 -48.17982864 -48.17982864 -50.82634354 -48.73762894 -43.62955093 -39.34051895 -35.85292053 -33.9536972 -32.77140808 -32.15932083 -32.09671402 -32.42755508 -31.40260887 -28.82380676 -26.85081291 -26.85081291 -26.1197567 -24.91562843 -23.37680435 -24.03017426 -26.42073059 -27.24711227 -27.57456398 -29.10473251 -30.221838 -29.99666786 -29.85207558 -30.3476963 -29.92603302 -29.92603302 -28.87411499 -28.14586449 -27.61013222 -26.56505203 -24.18735313 -20.50326347 -15.7621479
-133.56071472 -131.68222046 -132.06433105 -127.87498474 -96.00901031 -80.53768158 -80.23822784 -80.23822784 -78.90628052 -76.10282135 -74.68717957 -72.95096588 -71.80083466 -72.78392792 -68.62937927 -62.47477341 -60.5241127 -55.90502167 -49.87389755 -51.34019089 -51.34019089 -55.24408722 -53.63080215 -48.97938156 -44.75619125 -42.22978592 -41.03968811 -40.92963409 -39.80557251 -38.48019791 -36.92679596 -34.8040123 -32.13082504 -29.74488068 -29.74488068 -27.68560791 -25.01689339 -22.86450768 -22.7415638 -24.11684227 -25.01689339 -25.47498894 -27.2484684 -28.4956398 -27.87386703 -27.51989174 -27.87551117 -28.51124573 -28.51124573 -29.15501785 -29.77102089 -29.82460594 -28.78246689 -26.27173042 -22.70492363 -18.22760773
