gis_spread_split/user_files/wind_speed.asc
ncols 438
nrows 399
xllcorner 1138464.4323428
yllcorner 4858316.0529076
cellsize 2775.096284
NODATA_value -9999
[rows 208 to 233 of 399, columns 232 to 289 of 438]
28.66165352 26.74538422 24.78709221 22.58167267 20.90744781 20.64595985 20.31401825 18.38165855 17.54057312 21.05236816 20.39090919 20.39090919 18.63479042 23.20939255 25.20642853 24.54315758 23.40024948 22.75758171 21.99673653 19.37214851 20.46197128 21.70349121 22.93903542 24.12832642 24.68804741 23.59450531 21.23597336 19.62330246 21.94834137 24.67499924 24.17276001 20.53123856 18.81839561 18.2595253 17.64576721 16.86141777 17.66294479 18.22272301 17.73324394 18.20450592 20.74840164 23.10454178 22.8376236 17.91038895 17.91038895 8.98472309 3.04556584 3.0113306 1.08538651 3.63029265 7.57584047 8.40351391 7.14661217 8.25279903 10.59158897 13.26530361 15.9099226 17.49796295
30.64718628 27.81961632 25.80635071 24.08015251 22.50598907 22.59139824 23.5083313 25.13967896 24.24115562 23.65550613 22.7885685 22.7885685 19.56218338 24.95669937 26.53202438 25.75006866 24.46149063 23.95407104 23.87171936 24.55717278 26.11973 27.49469185 27.61066246 24.11027336 21.78226089 19.17668343 15.82776356 14.81158257 18.00359917 23.41638756 24.05317307 19.26245499 15.06181622 13.60747623 12.59691429 13.31128883 15.72606754 18.47750664 19.54458618 20.46792412 21.82137489 22.07366562 19.31335449 16.01919174 16.01919174 9.23264885 3.28370523 4.73916435 3.72908568 3.63029265 7.73162317 9.27578259 7.6734066 8.31568813 10.0452261 11.74151993 14.19276905 16.67930984
34.258461 29.64656258 27.60852623 26.15159035 24.33141899 23.75367165 24.95651817 27.39268875 26.30957222 25.20578575 24.84586906 24.84586906 25.37285042 26.98023987 28.14661407 27.28935432 25.57353401 24.40109634 24.13262367 25.05853462 27.05880737 29.24319267 29.80282593 27.38890266 19.60371017 16.01789665 13.38696671 10.9735651 10.73947048 13.82404709 15.95291615 14.27789211 11.40467262 10.26157856 10.21042728 11.82910919 15.0386095 17.85632706 19.18246078 19.68755722 20.08738708 19.52786827 17.11458397 14.55869579 14.55869579 8.58982944 3.46349192 6.88165236 6.88202858 4.47125196 5.04051447 5.51916504 4.85466385 7.63208485 10.11625576 11.37383556 13.00556946 15.12694168
35.85543823 33.93639374 30.63716316 29.28119278 26.87640572 24.80026436 25.47988892 28.70428276 27.77674675 26.41362381 26.33153343 26.33153343 26.83825874 27.54072952 28.57161903 28.86939621 27.51730919 25.69262695 24.73517036 24.66777611 25.93459511 28.19395256 30.3243103 29.1093998 24.80264091 16.77032089 14.20814705 11.84241295 8.00277615 3.34664488 5.14308834 7.67577076 8.74207211 9.14747143 9.54712963 10.88397312 12.71855068 14.43963528 15.6723671 16.11489677 16.40660286 16.69608498 15.82723141 14.28887081 14.28887081 8.94112778 3.79522657 7.67678356 9.15993118 6.54497433 3.4292717 3.168818 5.79465818 10.22710514 12.90252209 13.13289642 13.46544361 14.24990749
36.55765915 35.6911087 34.66442871 33.73146057 31.34740257 26.53788567 26.71134567 30.27126884 28.77740097 26.34612274 26.10345078 26.10345078 26.37033844 26.28002548 27.51158524 29.32972908 29.17097664 27.33768082 25.67130661 24.61710358 24.4410038 25.78527451 28.00073433 28.68576622 26.84065056 24.15817261 21.63348389 18.52416039 11.8554287 6.99938488 3.55544424 4.79354572 7.00151396 8.2171526 8.44620132 9.15235806 10.75538826 14.0761385 17.95837212 19.51319504 19.56708527 18.06073761 16.40672112 14.17595673 14.17595673 9.5310297 4.88394117 7.20449877 9.93104267 9.95430946 8.21951866 8.23951817 10.74833679 13.43181133 12.83065414 10.27766895 10.60998821 12.01914883
36.36942673 35.80854797 35.20205307 34.93270874 33.46026993 28.91012955 29.11765862 32.19937897 28.96409798 24.67733765 23.73197365 23.73197365 24.00123024 23.54790878 25.24665451 28.82395172 30.20363617 28.67431068 26.87061882 25.6179657 24.69623566 24.26007462 24.48352051 25.00134468 25.14851952 24.68909836 23.36735535 20.50098038 16.76707458 13.70725727 8.91470814 7.82451534 7.91680861 8.65895462 9.05920506 9.28360367 11.97994328 17.81738091 23.3422184 26.82872009 24.46993828 21.40293121 16.35731697 10.88659286 10.88659286 5.95231438 4.71970844 7.31119156 9.32511234 10.84944725 10.24685478 9.65907574 11.41949272 13.15109158 10.60534573 4.58049583 3.75678587 8.16755867
36.28503418 35.60480118 35.02135849 35.06645966 34.5825882 33.57402802 34.08882523 34.16428375 29.96214485 20.8008976 19.18208885 19.18208885 18.68968773 17.85560036 19.51336098 27.57933617 30.86344528 30.27009201 28.33988953 27.06733131 26.22908211 25.00269318 23.14766502 21.56303787 20.74690247 20.38057899 19.9881382 18.91973877 17.72969818 17.12669563 16.4439621 15.7044611 15.71782398 16.14245796 15.49355698 12.23406887 13.86729145 18.15292549 22.3968029 22.95617485 23.41951561 21.75106239 16.80702782 8.57956409 8.57956409 2.69327164 5.32812166 7.82989645 8.55869198 9.14208603 9.37749863 8.10279942 8.37183857 10.77428913 11.14500904 7.79464436 3.1667726 5.79611158
36.32749557 35.70884323 34.95881653 34.78429031 34.69087219 34.40758133 34.98476028 35.24622345 32.37729263 23.93878174 22.00828171 22.00828171 20.42964363 18.08250237 17.92731285 25.03708839 29.81662941 31.23599052 30.0095787 28.68838692 28.17901039 27.26077271 25.1341114 22.73869514 20.38328171 17.39619637 14.70748711 13.5 13.81537247 14.96357632 16.31947899 17.8867836 19.8924675 20.9179821 19.80412292 15.76458836 14.93600941 15.24301434 14.89534569 13.93069744 16.15658188 20.20430756 19.54614449 13.43263149 13.43263149 7.1945982 7.76440811 8.73932934 8.01863098 6.98335028 6.80638075 6.73440599 6.28723288 7.38500309 8.48088455 8.07275391 7.02406025 7.9050951
36.21294022 35.77193832 35.09776688 34.57413483 34.54051208 34.35931778 34.47999573 35.04908371 34.46922302 32.78872681 31.59908104 31.59908104 29.74116325 22.20149422 18.74338531 19.50193405 27.29087257 30.89733505 31.19389153 30.4464035 28.803442 28.43847275 26.78961182 25.47073174 24.25796318 20.2985096 13.51271439 9.78862476 8.48783493 9.22401237 12.30778885 16.01773453 19.06046104 20.22972679 21.17537689 17.90246391 15.50797939 13.21376514 11.74472046 10.99981117 12.7759428 16.63235092 21.12270737 20.16144562 20.16144562 14.0638876 8.50613785 8.60881901 7.78416252 5.68321323 5.09752893 5.62176609 5.1085763 4.81176043 5.93301392 7.66892958 9.12342548 9.1856451
36.18967056 35.7935257 35.2755928 34.69667816 34.6685791 34.52407455 34.21455002 34.60264969 35.02015686 34.7283783 34.72102356 34.72102356 34.40584946 31.23377037 22.56154823 20.17314148 22.99055862 30.25467491 31.2312603 31.50123405 30.94997215 31.73640442 30.85569572 30.74831963 30.62085152 26.77115059 19.03470802 14.74726295 12.47705173 11.76186752 13.99552917 17.2936821 19.68498993 20.5437336 22.23092461 19.45952415 16.5130558 13.6553936 12.69636822 12.95504951 12.6583395 11.96375942 13.58006668 18.72699165 18.72699165 17.12366867 8.29759026 6.71387959 7.84081316 5.51458406 4.09388208 3.90297127 3.62582731 3.72125793 5.41497946 7.30941868 8.51748085 8.25625324
36.26086426 35.72713089 35.21773529 34.73374939 34.71066666 34.77684021 34.58893967 34.83433151 35.13616562 34.80550385 34.92677307 34.92677307 35.82406998 34.96006012 31.44539642 24.86453629 29.13743591 29.99774361 29.43331909 27.99689293 30.52379608 31.99527168 32.06031799 32.33433533 32.24462891 29.5119648 22.85399055 20.15205956 18.84839821 17.85578156 19.00370407 20.47042465 21.28964043 21.335886 21.1765995 20.33413696 17.46003723 14.98642445 14.05319405 14.62136364 13.74921989 8.03856659 3.20784044 9.7395134 9.7395134 15.76076508 9.03686047 3.9575448 8.04614067 6.81323195 4.96813059 3.31688762 1.38961864 1.77315986 3.38189292 5.17712021 6.08825874 6.44570923
36.3404274 35.58789062 35.04059601 34.5873642 34.58078766 34.82932663 35.07375717 35.50443268 35.81882477 35.50711441 35.32130051 35.32130051 36.01966858 36.31202698 35.17288589 33.62407684 32.24161148 29.82582092 25.28676414 24.94038773 26.98965454 28.73641205 28.90566826 29.41781616 30.15040207 29.01325226 24.79710197 23.75127029 23.13525963 21.8888588 22.091362 21.11040115 20.31095695 19.23929787 18.74162292 17.86779022 16.05172157 14.96305656 15.54441452 13.57753754 11.08034134 9.9404335 5.07714891 4.6795845 4.6795845 11.86340618 10.80150032 2.76075649 6.42143536 7.7487855 5.44755077 3.78068566 1.95131958 0.683052 2.36177564 4.57709932 6.13110733 6.73960018
36.50593567 35.55757904 34.84030151 34.45997238 34.5075531 34.92224503 35.42315674 36.05908203 36.61966324 36.83125687 36.7008667 36.7008667 36.66958237 36.74187469 36.59698868 35.91755676 33.86101913 30.31405258 23.88952065 22.93584251 23.95006752 24.170187 25.50195312 25.58597183 25.9013176 25.42877007 24.17313576 23.04441452 21.79689217 19.8832798 17.98163033 17.540905 15.92718315 14.88685989 14.74445057 14.52264309 14.34020615 15.8182621 15.69616508 12.91040516 8.05990028 5.56825876 6.12095308 5.50435162 5.50435162 8.85482883 11.57409763 6.73960018 4.55780458 7.439816 7.15313768 6.60087252 7.11316633 7.03245068 7.10304737 8.17271328 8.85717106 8.75540447
36.76805496 35.54620361 34.51684952 34.07473755 34.34696198 35.02402115 35.75205994 36.43841934 37.07758713 37.51823425 37.57622147 37.57622147 37.41662598 37.21849823 37.03243637 36.35353088 34.48050308 31.66684532 29.38786507 28.87067604 29.19156075 28.54911232 26.88149261 23.49545479 21.28257751 18.22218895 15.26591015 13.07137108 11.57409763 10.84317398 11.12545586 11.01682377 10.57989693 10.0672636 11.05786133 12.45620823 13.75185871 15.7902174 15.8397541 13.34235954 7.5783205 1.4799459 5.38076591 5.51352644 5.51352644 5.55392599 9.93104267 10.39957714 9.11255264 9.52558899 10.58944798 11.71510983 12.74877834 12.2396822 11.26564217 9.71879959 9.39110184 9.06242371
37.07336044 35.64116287 34.19797134 33.51344681 33.981884 34.98809052 35.94249725 36.72996902 37.40233612 37.7396965 37.76777649 37.76777649 37.74626923 37.7313652 37.31590652 36.37179565 34.93780899 32.93612289 30.8888607 29.78768921 29.67120743 29.09604073 27.14815331 22.85898018 19.71488953 15.71089649 11.73688316 9.008708 7.92817783 8.47522926 9.57092381 9.74164295 8.26221561 6.71619558 7.91484356 10.75460434 13.28834057 15.70541 15.65101814 13.7237463 9.38157558 2.97430587 2.55371737 4.09846973 4.09846973 3.43663335 7.66115189 11.8019619 13.96800041 13.35109901 11.67244148 10.7138567 8.55695057 7.19396734 7.07370234 7.3757844 8.06215191 8.97259808
37.59923935 36.07656097 34.2010231 33.13631439 33.61839294 34.85967636 35.83078003 36.61753845 37.47795486 37.90938568 37.81946945 37.81946945 37.71503067 37.67274094 37.21849823 36.426754 35.51877594 33.69924927 30.74682426 28.00080299 26.75759125 26.27087593 25.06411934 23.10201645 21.16812325 19.14306641 16.6942215 14.53994465 13.72469044 14.52768421 15.08507347 13.93497658 11.59429169 9.25872135 8.94800949 11.27035713 14.05388546 15.4711647 15.24989891 13.72469044 10.92699337 6.43383551 1.37979126 2.99731088 2.99731088 2.18683338 5.36991596 11.3186655 13.86677742 13.32700348 10.11696053 6.08644915 3.02592802 1.12121367 2.14343643 4.85306168 7.7883234 9.7930584
38.13815689 36.66477585 34.42898941 32.86545563 33.1587944 34.55109406 35.42769623 35.90577316 36.76051331 37.61588287 37.71585464 37.71585464 37.39736557 37.20890427 36.96626663 36.59392548 36.19754791 34.56699371 31.10700035 27.51043129 25.19552612 23.70287704 22.12363243 20.22777176 18.31650162 16.86468315 15.51938248 14.33021545 14.40881729 15.58700275 15.95364666 14.69069099 12.70550156 11.84416389 12.21716118 13.28248787 14.66053295 15.3373518 14.85522461 13.44131279 11.49353218 8.38436794 3.83328152 1.12755311 1.12755311 1.21015704 6.28032351 11.04378891 10.78006172 10.62390423 11.35342026 9.46519375 5.97599983 4.32794285 4.76643276 5.08161402 5.48631001 6.79189396
38.57110596 37.2779274 34.89945221 32.82777786 32.7506218 34.11219788 35.02280045 35.09366608 35.66526413 36.91718674 37.52315903 37.52315903 37.2687645 37.00257111 36.93229675 36.93330002 36.77339554 35.45157623 32.70038605 26.4385128 24.23217201 21.75678062 19.80055618 17.8209095 15.22676563 12.44673634 10.76297665 10.1890173 10.44874763 12.99215984 13.83074856 13.27399635 12.2279768 12.58023548 13.93218613 15.05407047 15.71023655 15.89818859 15.30232906 14.00256538 12.36142731 9.63919735 5.47247362 2.98300791 2.98300791 6.38530827 12.38342476 15.05407047 9.56882477 7.68184662 11.52950191 15.09769821 14.79814625 12.36645889 9.09283352 5.16157627 3.04130769 3.50385618
39.03585434 38.07712555 35.68370056 33.10546112 32.41249847 33.56816101 34.43762589 34.35775375 34.83246994 36.40623474 37.55050278 37.55050278 37.60463333 37.32771301 37.21292496 37.19225311 36.94887543 35.85413742 32.21678162 30.58307457 28.12252235 24.35657501 20.87742424 20.18499184 18.42176628 14.72756481 11.53759289 10.03283215 9.6146965 11.77398109 12.89553928 13.30856228 13.16955566 13.94018364 15.81936836 17.62338829 18.75019455 18.81960106 17.66367722 16.00644302 13.99738121 10.83940792 6.81846094 5.72762156 5.72762156 9.17668152 14.10488129 16.16496277 13.86341286 8.46849823 9.2352457 12.03068066 14.74902058 15.0757494 12.96099949 9.33573818 7.69297361 8.03195381
39.41843796 38.79793167 36.4571228 33.41331482 32.00108337 32.62706375 33.35508347 33.43493271 34.12847519 36.04398346 37.75411606 37.75411606 38.17142487 37.90172577 37.58346558 37.31692886 36.91671371 35.85189819 32.64693832 31.35308647 28.83570862 23.77319717 21.16579628 22.3151226 23.00183105 19.9580307 15.86493492 13.60523796 12.7210474 12.73977852 15.96327019 16.28744316 16.15184784 16.68338776 18.13121033 19.85660362 21.3339119 21.54102898 20.06208038 17.76099396 15.24450207 11.84312439 7.97950363 6.77125454 6.77125454 9.01812553 13.035182 15.74653339 15.74562836 14.91304111 13.05331421 9.13641453 7.89221478 10.40051174 12.44085217 13.82568741 15.57618999 16.53877831
39.4498558 39.25595093 37.19160843 33.7997818 31.64408112 31.79535866 32.3776741 32.46291733 33.36362839 35.68871307 37.8303833 37.8303833 38.61845398 38.40477753 37.91212082 37.39112473 36.83904648 35.70764542 34.37276077 33.26588821 31.21920395 27.3102417 21.52739716 22.91345596 23.82753944 20.78746796 16.4333992 14.27607632 14.14887047 14.94698143 15.08919716 14.71660423 13.73545074 12.91873455 12.7084589 13.39016151 14.42234802 15.14543533 13.30617619 11.38693142 10.33526039 8.88522053 7.54455566 7.23456717 7.23456717 8.06697273 9.36173058 12.25190639 13.91855145 14.64673615 12.80477047 10.49503422 10.31040287 10.06481743 11.83765221 12.83423996 14.76355553 17.6928196
39.30634689 39.67823792 38.22693253 34.26248932 31.10077095 31.16215324 32.05273819 32.00956726 32.65533447 35.11670303 37.72533798 37.72533798 38.80699921 38.54744339 37.89187622 37.28503418 36.63448715 35.56614304 34.42098999 33.64812088 32.24943161 29.36704254 23.12786293 22.54422188 21.36459732 17.74858475 13.74073315 11.96375942 12.39095688 13.94854832 14.06315041 13.44155312 11.75040245 9.87299633 8.66284466 8.17992592 8.12500095 8.44620132 7.12763643 5.52819824 5.10184908 5.71357536 6.61900902 7.71417093 7.71417093 7.88925838 7.35431623 9.25059891 12.06617737 14.46617794 14.1063509 14.71796989 16.19575882 16.94896698 16.03847504 9.74882412 9.74164295 14.16905308
39.1018486 40.11714935 39.38673019 34.36633301 29.56283951 29.44282913 31.13575554 31.2231884 31.38923454 33.75947952 37.0185051 37.0185051 38.79196548 38.57009888 37.63722229 37.06862259 36.54005432 35.66662598 34.69356155 34.01883698 32.97324753 31.0294323 28.49790573 26.04163933 23.40556526 20.59609032 18.15035629 16.44049454 15.70466709 14.50223732 17.56158066 17.79471016 16.6844368 15.24335384 14.32030964 13.10518646 11.34554195 9.48195171 7.38140488 3.36171389 2.6230638 4.06529093 5.95481777 7.26344061 7.26344061 7.05912161 6.06383657 7.45417356 11.840662 15.16450596 17.02803802 18.25799942 18.90850067 18.60670662 17.72458076 16.13816261 15.34326553 14.84776306
38.70602798 40.51183701 40.59076309 34.47313309 27.62103462 26.8290596 29.10209846 29.33337402 28.93737221 31.00486374 35.06970978 35.06970978 38.25094604 38.69578171 37.6223259 37.00444412 36.85030365 36.18764877 35.27443314 34.45230103 33.31776047 31.9349823 30.28325462 28.10076141 25.6307869 23.64213562 21.99317169 20.09048462 18.35368156 15.15394783 18.86307335 19.33588791 18.29380989 16.78329849 15.50614071 13.93427849 11.78789711 9.55147266 7.56137133 5.74783707 5.03446817 6.32064056 7.3471756 7.85509777 7.85509777 6.69638729 4.80097485 5.11820745 9.82114029 14.58759785 18.38979912 19.93613625 19.53792 19.50156975 20.80491638 22.19729233 22.59727859 18.5468483
38.2268486 40.55710983 41.44655609 35.07170486 22.17041779 21.38896942 24.04088593 24.06957436 22.91028786 24.42214584 32.35110474 32.35110474 37.18639755 38.87808228 37.90813828 37.18033218 37.13542557 36.65911865 35.86165619 35.09815216 33.94899368 32.74729919 31.62435532 30.01307678 28.03071022 26.13178444 24.39243698 22.52740097 20.80170822 19.81560516 19.59144402 19.20045662 17.95187569 16.28764343 14.8446207 13.37146854 11.64943504 9.91752625 8.71765137 8.17921257 8.75740242 10.384799 11.72274113 11.07940578 11.07940578 8.49699116 4.46312904 3.89615822 7.41503859 14.2298851 20.39068794 22.96554565 22.59369278 22.31767654 23.61328316 25.72829056 26.39870453 25.48566055
37.65544891 39.74897385 41.08510208 35.2833252 22.44472313 21.58445358 23.3228054 22.58451271 20.85876083 22.26942635 27.27089691 27.27089691 36.67016602 38.98189926 38.15750504 37.4495697 37.37614822 36.76691055 36.00045013 35.47068787 34.50417328 33.37982559 32.41033936 31.20809746 29.50638771 27.6135025 25.74674606 23.94262505 22.48905373 21.38196945 20.41920471 19.35826111 18.17001724 16.88415337 15.73574829 14.62238312 13.36841488 11.98994541 10.79435825 10.38598442 10.98448467 12.27225208 13.12346935 12.4435606 12.4435606 9.4312439 6.07675314 4.78366709 8.11526585 15.41556835 22.26526451 25.96069336 26.60779953 26.13044548 26.64510727 27.94826698 28.72775269 29.2098465
