n=5097535.84891161
s=4873237.39051013
w=5339600.77529018
e=5500039.2156582
nsres=65.69960703
ewres=65.69960703
