gis_spread_split/files/wind_middle.asc
ncols 334
nrows 233
xllcorner 5512715.5722262
yllcorner 4846250.55770974
cellsize 56.957985
NODATA_value -9999
[rows 82 to 122 of 233, columns 184 to 275 of 334]
178.6 186 197 207.8 204.9 190.7 176.7 161.7 149.1 135.7 133.9 125.1 109.9 86.9 65.7 45.8 21.8 1 1 1 1 2 1 1 1 1 1 1 1 1 1 1 1 1 1 1 1 1 1 1 1 1 1 1 1 1 1 1 1 1 1 1 1 1 1 1 1 1 1 1 1 1 1 1 1 1 0 0 0 1 1 1 1 1 1 1 0 0 -9999 -9999 -9999 -9999 -9999 -9999 -9999 -9999 -9999 -9999 -9999 -9999 -9999 -9999
183 191 202 217 215.9 202.8 190.8 178.8 165 155 153 149.8 133.6 116.4 93.7 69.4 43 19.9 1 1 1 3 1 1 1 1 1 1 1 1 1 1 1 1 1 1 1 1 1 1 1 1 1 1 1 1 1 1 1 1 1 1 1 1 1 1 1 1 1 1 1 1 1 1 1 1 0 0 0 1 1 1 1 1 1 1 0 0 -9999 -9999 -9999 -9999 -9999 -9999 -9999 -9999 -9999 -9999 -9999 -9999 -9999 -9999
183 190.8 201.8 213 217 206.9 196 186 177.5 172.9 164.4 158 153.2 137.2 120.9 94.2 68.2 46.2 25.4 7.5 1 1 2 1 1 1 1 1 1 1 1 1 1 1 1 1 1 1 1 1 1 1 1 1 1 1 1 1 1 1 1 1 1 1 1 1 1 1 1 1 1 1 1 1 1 1 0.7 0 0 1 1 1 1 1 1 1 1 0 -9999 -9999 -9999 -9999 -9999 -9999 -9999 -9999 -9999 -9999 -9999 -9999 -9999 -9999
183 189.1 198.6 209 213 203 194 186.9 184 188.2 183.5 175.7 174.5 158 142.5 119.9 96.5 71.7 52.5 33.5 16.5 1 3 1.9 1 1 1 1 1 1 1 1 1 1 1 1 1 1 1 1 1 1 1 1 1 1 1 1 1 1 1 1 1 1 1 1 1 1 1 1 1 1 1 1 1 1 1 0 0 1 1 1 1 1 1 1 1 0 -9999 -9999 -9999 -9999 -9999 -9999 -9999 -9999 -9999 -9999 -9999 -9999 -9999 -9999
185 189.7 196 205.8 209 201 191 184 183.1 192.9 208.2 208.7 193.7 172.6 158.7 144.7 121.7 99.4 80.2 60.7 42.4 21.8 2 2 1 1 1 1 1 1 1 1 1 1 1 1 1 1 1 1 1 1 1 1 1 1 1 1 1 1 1 1 1 1 1 1 1 1 1 1 0 1 1 1 1 1 1 0 0 0 1 1 1 1 1 1 1 1 -9999 -9999 -9999 -9999 -9999 -9999 -9999 -9999 -9999 -9999 -9999 -9999 -9999 -9999
192.3 196 200.9 208.9 209.2 198.1 188.1 181 180.9 191.9 208.1 212.8 195.7 179.6 166.6 154.5 141.8 125.7 107.8 88 67.1 46 25.1 3 2 1 1 1 1 1 1 1 1 1 1 1 1 1 1 1 1 1 1 1 1 1 1 1 1 1 1 1 1 1 1 1 1 1 1 1 1 1 1 1 1 1 1 0 0 0 1 1 1 1 1 1 1 1 -9999 -9999 -9999 -9999 -9999 -9999 -9999 -9999 -9999 -9999 -9999 -9999 -9999 -9999
203.3 208.7 210 217 212 197.2 185.1 176.9 176 184 197.1 203.5 188.8 174.8 164 156 154 149.7 136.8 116.6 94.3 71.4 49.3 24.3 2.3 1 1 1 1 1 1 1 1 1 1 1 1 1 1 1 1 1 1 1 1 1 1 1 1 1 1 1 1 1 1 1 1 1 1 1 1 1 1 1 1 1 1 1 0 0 1 1 1 1 1 1 1 1 -9999 -9999 -9999 -9999 -9999 -9999 -9999 -9999 -9999 -9999 -9999 -9999 -9999 -9999
213.4 222.9 222 219 208.3 193.2 181.2 173 172 177.5 187.5 193.4 179.9 167.2 158.2 152.1 155 164.5 164.6 147.5 124 98.6 72.1 48.1 21.6 2 1 1 1 1 1 1 1 1 1 1 1 1 1 1 1 1 1 1 1 1 1 1 1 1 1 1 1 1 1 1 1 1 1 1 1 1 1 1 1 1 1 1 0 0 1 1 1 1 1 1 1 1 -9999 -9999 -9999 -9999 -9999 -9999 -9999 -9999 -9999 -9999 -9999 -9999 -9999 -9999
215.3 233 226.9 211.9 198.3 187 177.3 170 170 173 180.3 183.2 170.9 160 152.8 150 155.3 170.4 191.1 177.6 153.2 126 96.8 72 45.8 20.6 1 1 1 1 1 1 1 1 1 1 1 1 1 1 1 1 1 1 1 1 1 1 1 1 1 1 1 1 1 1 1 1 1 1 1 1 1 1 1 1 1 1 0 0 0 1 1 1 1 1 1 1 -9999 -9999 -9999 -9999 -9999 -9999 -9999 -9999 -9999 -9999 -9999 -9999 -9999 -9999
211.1 219.5 213.9 202.2 190.3 179.7 172.2 170 173 176 177 174 165 156 151 148 153.2 169.3 185.4 201 180 152.3 123.8 96.9 67.7 42.1 19.1 1 1 1 1 1 1 1 1 1 1 1 1 1 1 1 1 1 1 1 1 1 1 1 1 1 1 1 1 1 1 1 1 1 1 1 1 1 1 1 1 1 0.5 0 0 1 1 1 1 1 1 1 -9999 -9999 -9999 -9999 -9999 -9999 -9999 -9999 -9999 -9999 -9999 -9999 -9999 -9999
188.8 195.3 195.2 189.3 179 169.7 164 169.6 179 185 182.2 176.2 168.2 159 151.3 148 151.2 162.1 175.6 188.7 199.4 176.3 148.3 122.2 93.3 66.3 40.6 18.5 1 1 1 1 1 1 1 1 1 1 1 1 1 1 1 1 1 1 1 1 1 1 1 1 1 1 1 1 1 1 1 1 1 1 1 1 1 1 1 1 1 0 0 1 1 1 1 1 1 1 -9999 -9999 -9999 -9999 -9999 -9999 -9999 -9999 -9999 -9999 -9999 -9999 -9999 -9999
152.5 160.9 166.4 164.5 155.6 151.3 155.5 168 178 188 190.2 186.2 176.4 165.4 155 148.5 149 155 163.1 175 183.4 191 173.5 144.5 117 89.6 64.6 41.6 18.6 1 1 1 1 1 1 1 1 1 1 1 1 1 1 1 1 1 1 1 1 1 1 1 1 1 1 1 1 1 1 1 1 1 1 1 1 1 1 1 1 0 0 1 1 1 1 1 1 1 -9999 -9999 -9999 -9999 -9999 -9999 -9999 -9999 -9999 -9999 -9999 -9999 -9999 -9999
130.2 135.2 142.1 140.1 131 137.4 160.5 166.9 172.9 180.9 191.7 199.5 186.1 171.2 160 151 145.8 149 154 162 169.2 177.8 182.3 165.2 138.9 113.6 88.1 64.8 40.9 19.9 1 1 1 1 1 1 1 1 1 1 1 1 1 1 1 1 1 1 1 1 1 1 1 1 1 1 1 1 1 1 1 1 1 1 1 1 1 1 1 0 0 1 1 1 1 1 1 1 -9999 -9999 -9999 -9999 -9999 -9999 -9999 -9999 -9999 -9999 -9999 -9999 -9999 -9999
110 116 120.6 114.8 120.4 149.3 164 167 168 172 182.7 199.9 191.1 175.2 165 156.1 147 143 147.1 152 157.6 163.6 172 175 157.2 135.2 114 89.2 65.2 43.2 17.5 1 1 1 1 1 1 1 1 1 1 1 1 1 1 1 1 1 1 1 1 1 1 1 1 1 1 1 1 1 1 1 1 1 1 1 1 1 1 1 0 0 1 1 1 1 1 1 -9999 -9999 -9999 -9999 -9999 -9999 -9999 -9999 -9999 -9999 -9999 -9999 -9999 -9999
93.7 101 100.7 99 120.2 139.7 157.1 167 163 165.1 171.1 178.1 179 171 167.7 163.3 152 143 140 144.5 149 152.5 158.1 165.3 171 160.3 137.5 113.5 90.5 67.9 38.8 19.4 1 1 1 1 1 1 1 1 1 1 1 1 1 1 1 1 1 1 1 1 1 1 1 1 1 1 1 1 1 1 1 1 1 1 1 1 1 1 0 0 1 1 1 1 1 1 -9999 -9999 -9999 -9999 -9999 -9999 -9999 -9999 -9999 -9999 -9999 -9999 -9999 -9999
79.9 88 87 95 112.4 127 137.3 146.2 146.1 157 163 168 167.4 164.3 162 160.2 152 143 136 136.4 140.3 145 148 153 163.3 173 161.1 138.3 113.8 92.3 65.5 44.2 21.8 1 1 1 1 1 1 1 1 1 1 1 1 1 1 1 1 1 1 1 1 1 1 1 1 1 1 1 1 1 1 1 1 1 1 1 1 1 0 0 1 1 1 1 1 1 -9999 -9999 -9999 -9999 -9999 -9999 -9999 -9999 -9999 -9999 -9999 -9999 -9999 -9999
68.9 76.4 77.3 88.3 101 111.2 120.2 124 130.2 147.3 163 168 168.3 166.2 164 160 154.2 145.7 137.1 128 134 137 140 143.9 149.9 162.1 171 160 137 116 95 74.6 48.7 24.2 1.2 1 1 1 1 1 1 1 1 1 1 1 1 1 1 1 1 1 1 1 1 1 1 1 1 1 1 1 1 1 1 1 1 1 1 1 0 0 1 1 1 1 1 1 -9999 -9999 -9999 -9999 -9999 -9999 -9999 -9999 -9999 -9999 -9999 -9999 -9999 -9999
60.8 67 71.8 80.9 90.1 99 105 112.2 130.2 149.2 165.8 174 176 175.5 173.6 170.3 164.3 153.2 142.2 131.2 123.9 131 133.8 136.8 140.7 149.7 161.7 168 156.2 138.5 123.6 105.2 78.3 51.3 24.3 4 1 1 1 1 1 1 1 1 1 1 1 1 1 1 1 1 1 1 1 1 1 1 1 1 1 1 1 1 1 1 1 1 1 1 1 0 0 1 1 1 1 1 -9999 -9999 -9999 -9999 -9999 -9999 -9999 -9999 -9999 -9999 -9999 -9999 -9999 -9999
55.6 59 65 73 82 88.8 99 113 129 146.1 165.2 178.2 184.2 187.7 185.8 182 175.4 161.4 148.3 134.3 120.2 124 128 131 135 141.5 151.1 162 167.5 161.5 148.4 131.5 106.5 79 49 24 2.9 1 1 1 1 1 1 1 1 1 1 1 1 1 1 1 1 1 1 1 1 1 1 1 1 1 1 1 1 1 1 1 1 1 1 0 0 1 1 1 1 1 -9999 -9999 -9999 -9999 -9999 -9999 -9999 -9999 -9999 -9999 -9999 -9999 -9999 -9999
50 45 59.6 65.9 71.6 82.8 94 106.9 124 144.5 168.1 182.2 191 199.9 196 187 176 163.4 148.3 134 118.3 111.4 121.4 124 131 137 145.1 160 174.2 179 174 157.8 133.7 107.4 75.8 46.8 17.5 1.3 1 1 1 1 1 1 1 1 1 1 1 1 1 1 1 1 1 1 1 1 1 1 1 1 1 1 1 1 1 1 1 1 1 0 0 1 1 1 1 1 -9999 -9999 -9999 -9999 -9999 -9999 -9999 -9999 -9999 -9999 -9999 -9999 -9999 -9999
37.4 47.7 48.5 60.5 67.7 77.8 87.9 101.1 119.1 139.1 161 179 196 207 202.2 184.6 169.2 154.8 142.2 128.6 116.3 100.7 112.4 126 132 136 142 157.1 180 189 192.1 179.8 159.7 131.2 97 62.8 40.8 21.1 1 1 1 1 1 1 1 1 1 1 1 1 1 1 1 1 1 1 1 1 1 1 1 1 1 1 1 1 1 1 1 1 1 1 0 1 1 1 1 1 -9999 -9999 -9999 -9999 -9999 -9999 -9999 -9999 -9999 -9999 -9999 -9999 -9999 -9999
41.4 50 57 58.7 63.7 72.7 81.1 94.8 111.9 130.9 148.8 165.8 183.9 208.8 196.9 179.2 160.7 144.7 131.3 114.7 95.2 109.6 125.7 136.8 140.1 141 143 153 173.1 190.7 204.6 200.5 183.4 159.3 121 83.9 69.4 47.5 24.5 3.7 1 1 1 1 1 1 1 1 1 1 1 1 1 1 1 1 1 1 1 1 1 1 1 1 1 1 1 1 1 1 1 1 0 1 1 1 1 1 -9999 -9999 -9999 -9999 -9999 -9999 -9999 -9999 -9999 -9999 -9999 -9999 -9999 -9999
42 47.4 55.5 66.9 65 67.6 75.7 88.6 102.8 119.6 137 153 168.6 187.5 187.9 170.1 152 134.9 118.7 96.6 87.5 114 130.6 148.4 153.3 148 145 150.9 164.4 180 205 210.7 196.7 177.7 144.3 123.8 103.7 76.7 53 30.7 10.6 1 1 1 1 1 1 1 1 1 1 1 1 1 1 1 1 1 1 1 1 1 1 1 1 1 1 1 1 1 1 1 0 0 1 1 1 1 -9999 -9999 -9999 -9999 -9999 -9999 -9999 -9999 -9999 -9999 -9999 -9999 -9999 -9999
39 43.3 51 62.4 72 69 74 82.9 94.9 108.8 123.9 139.3 152.3 165.3 175.2 160.9 143.8 125.7 105.7 77.6 91.4 112.5 128.2 146.6 161 152 147.1 150 157 171.2 194 216 206.9 191.8 173.1 159.9 135.7 106.5 83 61.5 38.6 17 1 1 1 1 1 1 1 1 1 1 1 1 1 1 1 1 1 1 1 1 1 1 1 1 1 1 1 1 1 1 0 0 1 1 1 1 -9999 -9999 -9999 -9999 -9999 -9999 -9999 -9999 -9999 -9999 -9999 -9999 -9999 -9999
35 39 46 57.3 73.1 74 74 79.8 88.6 99.8 112 125.1 136.2 149.1 157.1 150.9 137.8 120 101.5 75.4 81.3 100.4 118 137 150.4 151.4 146.1 148 153.8 163.9 181.9 203.9 216.2 205.2 195.3 186.2 166.2 143.2 115.4 91.9 69 40.2 16.9 1 1 1 1 1 1 1 1 1 1 1 1 1 1 1 1 1 1 1 1 1 1 1 1 1 1 1 1 1 1 0 1 1 1 1 -9999 -9999 -9999 -9999 -9999 -9999 -9999 -9999 -9999 -9999 -9999 -9999 -9999 -9999
31 33 39.1 49.2 61.2 72.7 78 82 85.9 92.2 102.2 113.8 123.8 133.8 143.8 142 132 119.9 103.8 80.7 67.3 83.8 103 121.7 136.6 142.1 143 144 149.7 157 170.8 190.6 210 219.4 214 206.5 193 171.9 146.4 122.5 96 65.5 45.1 17 1.9 1 1 1 1 1 1 1 1 1 1 1 1 1 1 1 1 1 1 1 1 1 1 1 1 1 1 1 1 0 1 1 1 1 -9999 -9999 -9999 -9999 -9999 -9999 -9999 -9999 -9999 -9999 -9999 -9999 -9999 -9999
25.7 28 31.6 39.6 52.6 66.3 81.1 93.3 96.9 95.9 97 104.7 112.9 119.8 123.7 128.3 127 117.5 104.9 84.9 66.8 69.3 92.3 112.4 124.5 132 132.9 141 145.5 151.5 161.5 177.8 197.4 212.4 227 225.7 215.8 195.8 168.7 146.7 119.8 97.5 70.7 40.6 12.8 1 1 1 1 1 1 1 1 1 1 1 1 1 1 1 1 1 1 1 1 1 1 1 1 1 1 1 1 0 0.1 1 1 1 -9999 -9999 -9999 -9999 -9999 -9999 -9999 -9999 -9999 -9999 -9999 -9999 -9999 -9999
21 22 25.3 32.3 44 58.3 77.3 98.4 113.1 110.2 105.2 103.3 105.4 108.6 110.5 112.4 113.9 111 98.2 81.1 63 64.2 89 103.3 116.9 117.7 125.5 137.8 142 146.3 154.7 166.2 183.9 200 213.9 224 231.9 209.9 184.7 162 140.8 122.8 95.6 63.4 35.1 12.1 1 1 1 1 1 1 1 1 1 1 1 1 1 1 1 1 1 1 1 1 1 1 1 1 1 1 1 1 0 1 1 1 -9999 -9999 -9999 -9999 -9999 -9999 -9999 -9999 -9999 -9999 -9999 -9999 -9999 -9999
16 17 19 25 35.1 48.2 65.1 84.1 101.3 123 119 112.7 105.7 99.4 97.3 98.2 99.2 97.1 90.1 74 56 60.1 76.2 90.9 94.3 112 130.2 137.8 140 143 148.1 157.7 170.8 185 199 207.9 217 216 196.2 176.3 158.4 143.3 118.3 84.9 61.3 34.4 16.3 2 1 1 1 1 1 1 1 1 1 1 1 1 1 1 1 1 1 1 1 1 1 1 1 1 1 1 0 1 1 1 -9999 -9999 -9999 -9999 -9999 -9999 -9999 -9999 -9999 -9999 -9999 -9999 -9999 -9999
12 10 12 17.9 25.8 37.8 51.9 67.8 84.7 101.8 124.4 124.8 114.4 101.4 89 82.1 82 82 78.1 67.8 54 52 66.6 72.4 89.4 116.3 133.3 142.7 139.9 139.1 144 150.6 159 172.6 185.5 194.7 203.6 209 203 190.5 175 158.9 137.6 112.6 87.6 60.6 46.2 26.7 16.7 1 1 1 1 1 1 1 1 1 1 1 1 1 1 1 1 1 1 1 1 1 1 1 1 1 0 1 1 1 -9999 -9999 -9999 -9999 -9999 -9999 -9999 -9999 -9999 -9999 -9999 -9999 -9999 -9999
11 6 5 10 17 27 39 53.6 69.1 86.6 115.1 123.1 121.5 107.5 91.5 76.4 66.9 67.8 65 57.1 47.1 49.9 58 68.1 85.4 104.2 127.4 141 140 135 137.9 144 151.9 161.1 172.9 183.4 192.9 198.4 201 200.8 189.9 172.8 153.8 137.8 110.6 88.7 71.7 57.3 45.9 25.9 18.8 4.9 1 1 1 1 1 1 1 1 1 1 1 1 1 1 1 1 1 1 1 1 1 1 0 1 1 1 -9999 -9999 -9999 -9999 -9999 -9999 -9999 -9999 -9999 -9999 -9999 -9999 -9999 -9999
10 5 1 2 9 17 27.4 41 55 71 88.1 108.9 118 113.1 96.7 80.5 66.4 53.6 53.6 48 41 49.9 59 67 80 94.2 108.2 126.9 128.6 124.5 127.8 138 147 154 163.3 173.8 183.8 188.8 192 199 202 186 166.1 150.7 131.2 119.2 110.3 91 75.7 53.8 47.6 32.1 8.5 1 1 1 1 1 1 1 1 1 1 1 1 1 1 1 1 1 1 1 1 1 1 0 1 1 -9999 -9999 -9999 -9999 -9999 -9999 -9999 -9999 -9999 -9999 -9999 -9999 -9999 -9999
7 3 1 1 1.9 8.9 17.1 29 42 56.9 71 86.8 105.7 113.4 101.6 84.5 67.5 54 45.3 41.1 39.7 49.1 55.9 64 73 84 96.8 106.1 116.1 112.5 121.1 134.8 145 149.1 155.6 163.6 175 180 181.9 189.7 202 193 175 158.9 145.5 136.6 127.9 120.5 104.5 82.4 72.5 55.5 30.5 1 1 1 1 1 1 1 1 1 1 1 1 1 1 1 1 1 1 1 1 1 1 0 1 1 -9999 -9999 -9999 -9999 -9999 -9999 -9999 -9999 -9999 -9999 -9999 -9999 -9999 -9999
2.7 1 1 1 1 1 8.8 17.8 28.8 42.8 55.8 69.7 83.8 102 103.7 87.4 69.6 52.5 41.1 35 39 47 52.7 59 67.6 76 85.6 92.5 88.4 102.1 114.3 125.1 136.2 142 147 153.5 161.9 168 170.9 178.9 186.6 192 180 165 153.7 146 140 138.9 129 110.7 97.9 76.3 48.1 18.1 1 1 1 1 1 1 1 1 1 1 1 1 1 1 1 1 1 1 1 1 1 0 1 1 -9999 -9999 -9999 -9999 -9999 -9999 -9999 -9999 -9999 -9999 -9999 -9999 -9999 -9999
1 1 1 1 1 1 2 10.9 19.5 30.5 42.5 56 70.4 87.4 101.2 86.7 68.6 52.6 38.5 32 37.4 44.6 50.4 56 63 69.4 75.3 76.3 79.1 92.2 105 114 120.9 128.3 137.9 144.3 151.3 156.3 161.3 168.4 174.3 179.2 177.3 170 162 154 146.9 139 134.6 125.8 120.1 96.9 66.9 35.5 8.5 1 1 1 1 1 1 1 1 1 1 1 1 1 1 1 1 1 1 1 1 1 1 1 -9999 -9999 -9999 -9999 -9999 -9999 -9999 -9999 -9999 -9999 -9999 -9999 -9999 -9999
1 1 1 1 1 1 2 5 12.8 21.9 32 45 61.1 82.1 98 83.8 66.7 50.7 38.6 28.7 33 40.6 48 55 60 63.2 66 64.1 72 84 93 103 109.1 119 129 136.7 142 146.4 152 157.2 162.7 166.1 169.3 171 172 167 157 145.3 133.9 126 129.6 117.3 88.4 55.1 27.5 4.5 1 1 1 1 1 1 1 1 1 1 1 1 1 1 1 1 1 1 1 1 0.3 1 -9999 -9999 -9999 -9999 -9999 -9999 -9999 -9999 -9999 -9999 -9999 -9999 -9999 -9999
1 1 1 1 1 1 5 9 11 18 26.9 39.9 56 81 97.8 81.8 64.8 50 39 28.8 26.4 35.5 43 51.7 59 60 60 55.2 66 73 80.7 85.7 95.1 114.2 127.7 136 136.3 136.7 143 147.6 150 155 159.9 165 174.8 179 172.5 158 141 125 122 127 108.3 80.6 53.7 26.7 1.1 1 1 1 1 1 1 1 1 1 1 1 1 1 1 1 1 1 1 1 0 1 -9999 -9999 -9999 -9999 -9999 -9999 -9999 -9999 -9999 -9999 -9999 -9999 -9999 -9999
1 1 1 1 1 2.9 8 13.9 15 17 24 34.8 49.9 75.7 82.7 74.6 60.9 48.8 39.8 30 22.7 30.4 38.1 46.6 57.6 57.3 52.9 47.9 59.9 65 69.6 74.5 89.4 108.4 122.4 125.2 127.1 126.1 132.4 139 141 144.8 149.9 158.4 170 180.8 188.1 172.1 148.8 128 113.1 117 115 96.8 83.2 53.2 22.7 1 1 1 1 1 1 1 1 1 1 1 1 1 1 1 1 1 1 1 0 1 -9999 -9999 -9999 -9999 -9999 -9999 -9999 -9999 -9999 -9999 -9999 -9999 -9999 -9999
1 1 1 1 2.3 7 12 15 16.9 16 19 27.9 38.9 53.5 63 62.4 55 47 39 27.8 21.3 26.4 31 39.4 46.9 49.9 39.4 47.9 53 58 63 67.3 78.2 92 103.1 113 114 117.9 124.2 130.8 134 136 143.3 155 167 176.8 186.8 186.2 160 135.1 118 102.9 100.5 95.7 90.8 83.3 48.9 15.6 1 1 1 1 1 1 1 1 1 1 1 1 1 1 1 1 1 1 1 1 -9999 -9999 -9999 -9999 -9999 -9999 -9999 -9999 -9999 -9999 -9999 -9999 -9999 -9999
1 1 1 1 6 11 15 17 16 15 15 19.4 25.9 34.4 41.9 46.3 50 45 40 30 16.9 20.9 23 29.3 37 37.6 30.5 42.3 47.8 53 55.2 60 67.1 77.9 87 91.9 98.5 112.2 121 128 129.5 128.7 136.8 152.5 165.7 173 181 200 172.2 146 124.1 105.3 95.4 74.4 68 83.4 67.2 39.2 6.1 1 1 1 1 1 1 1 1 1 1 1 1 1 1 1 1 1 1 1 -9999 -9999 -9999 -9999 -9999 -9999 -9999 -9999 -9999 -9999 -9999 -9999 -9999 -9999
1 1 1 3 8.3 13 16 16.8 16 13 10 10.4 14.2 20.8 27 37.1 48.1 44 40 34 24.2 12 9 17.7 23.8 23 32.3 39.7 42.7 46 48.1 51.7 57 63.9 70 70.7 87 113.1 126.1 132 128 121 128.5 143.4 161 171 175 188.5 183.8 156.5 134.2 120.5 113 96.2 69 52.4 72.3 53.7 23.4 1 1 1 1 1 1 1 1 1 1 1 1 1 1 1 1 1 1 0 -9999 -9999 -9999 -9999 -9999 -9999 -9999 -9999 -9999 -9999 -9999 -9999 -9999 -9999
