gis_spread_split/files/wind_middle.asc
ncols 334
nrows 233
xllcorner 5512715.5722262
yllcorner 4846250.55770974
cellsize 56.957985
NODATA_value -9999
[rows 82 to 122 of 233, columns 92 to 183 of 334]
2 2 2 2 2 2 2 2 2 2 2 2 2 2 2 2 2 1 1 1 1 1 1 1 1 1 1 1 2 1 1 1 1 1 1 1 1 2 2 1 1 1 1 1 1 38.5 62 68.8 65.1 54.8 43 37 38 41.5 40.6 35 28 32 35.9 43.9 49 53 57 58 58 58 58 58.3 60 63.9 69.9 78.4 89.3 102.3 114.9 127.3 142.7 159.3 169.3 176.2 181.2 177.1 169 163 163 171 182.5 185.8 178.2 171 154.2 171.9
2 2 2 2 2 2 2 2 2 2 2 2 2 2 3.1 6 8.2 7.1 1 1 1 1 1 1 1 1 2.3 16.3 7.5 1 1 1 1 1 1 1 1 1 2 1.8 1 1 1 1 1 2.1 51.1 67 55.9 42.9 33 28 32.2 41.2 45.3 37 27 25.8 30.7 36 44.3 49.2 53.1 56 58 58 57.8 57 58 60 64.8 70.6 78.3 88.3 99.1 110.3 124.1 135.2 145.3 155.1 158 159.9 158 155.8 157.2 163.3 170.1 172.6 171 172 166.7 175.9
2 2 2 2 2 2 2 2 2 2 2 2 3.1 6 9 11.3 12 7.3 2 1 1 1 1 2 4.2 16.8 42.5 40.3 13.3 1 1 1 1 1 1 1 1 1 2 2 1 1 1 1 1 1 16.6 56.1 45.8 33.7 26 21 25.1 31 34.5 32.2 25.5 20.7 26.7 31.7 38.1 45.8 50.8 53 57 58 58 57 57 57 59.2 63.4 69.7 77.2 85.2 94.8 105.8 116 123 129.9 135.8 140.8 144.7 146 147.6 151.5 156.2 159 165.7 173.9 177.8 176
2 2 2 2 2 2 2 2 2 2 3.1 6 8.8 11.3 12 12 12 12 3 3 2 1 1.9 13.3 26.4 42.6 54.1 51 32.6 4.8 1 1 1 1 1 1 0.6 1 1 2 2 1 1 1 1 1 1 29.5 37.5 25 20 16 18 21.3 23 23.1 19.6 18 22 27 32.9 41 47.8 52 55 57 59 60 58.9 57 57 58 62.5 68 74 80.6 89.6 97.9 104.6 109.6 115.7 121.6 128.5 131.5 136.5 137.4 141.3 153.1 168.4 180.5 183 181.4
2 2 2 2 2 2 2 2 3 6 8.7 11.2 12 12 12 11 11 11 11 3 3 4 27.9 37.4 47.6 54.2 61.7 58.6 44.4 24.3 1 1 1 1 1 1 1 1 1 1 2 1.1 1 1 1 1 1 1 28.9 21 15.4 13 13 14.2 15 15 14 14 17 20.9 26.5 34.7 43 47.8 51 54 56 62 64 61 58 55.7 57 60 64.9 69.9 76.8 83 88.6 93.5 98.5 104.4 110.4 115.4 118.3 119 136.2 154 169.4 182 185 184
2 2 2 2 2 2 2.5 5.1 8 11 12 12 11 11 11 11 11 11 10 10 3 3 2 3 35.9 33.5 35.5 32.9 23.4 15.3 6 3 1.8 1 1 1 1 1 1 1 2 2 1 1 1 1 1 1 1.8 21 13 11 10 10 10 10 10 11 13 15.3 20 25.8 33.3 40.2 43.3 46 50.1 60 65 64 60.8 56.2 54.5 55 58 62.8 67.5 72.3 76.4 80.3 85.2 89.2 93.1 98.1 104 114.1 135 151.9 165.8 176.2 183 188
2 2 2 2 2.5 5 8 11 12 11 11 11 11 11 10 10 10 10 10 10 6.4 3 3 1.2 5 8 7.3 1.3 1 1 1 2 6 6.4 1 1 1 1 1 1 1 2 2 1 1 1 1 1 1 5.8 19 9.2 8 7.7 7 7 8 8 9 10 12.3 17.2 22.2 26.2 31.1 35 41 50 59 63 60.7 57 54 53 54 57 61 64 68 71 74.1 77.8 81 86 94 106.8 122.8 140.1 156.6 170.1 181.6 193.4
2 2 2.6 5 8 11 11 11 11 11 11 10 10 10 10 10 10 9 9 9 9 3 3 3.6 3 6 1 1 1 1 1 1 13.5 29.4 21.4 1 1 1 1 1 1 1.9 2 1 1 1 1 1 1 1 14.3 18 8 7 6 5 5 5.4 6 6 6.5 10 13.6 17.6 21 26 33 42 49.7 56 57 55 52.4 52 52 53 55.5 58.1 61 64.6 66.6 70 74 78.6 85 97 111.6 128.1 147 164.2 183.2 199
2 5 8 10.8 11 11 11 11 10 10 10 10 10 10 9 9 9 9 9 8.1 8 8 3 3 2 5 2.8 1 1 1 1 1 1 14.5 12.1 6.2 1.1 1 1 0.7 1 1 2.7 2 1 1 1 1 1 1 1 14.3 21.5 10.4 7.6 5 4 4 3 3 3 5 8 11 15.5 20 26 34 42 47.9 50 49.3 48.3 49 48 50 53 54 57 60 63 66 69 72.9 77.4 87.9 101.3 117 136.3 156 177.3 200.3
7.8 10.5 11 11 11 10 10 10 10 10 9 9 9 9 9 9 8 8 8 8 8 8 7 3 3.9 3.1 7 1 1 1 1 1 1.8 1 1 2 14 20.6 11.9 1 1 1 1 2 1.1 1 1 1 1 1 1 1 16.4 34.1 14.8 8 4 3 3 3 3 3 5 8 11 16 22 28.7 34.4 40 43.2 44 44 37 48 51 53 54 56 58 60 62 65 67.3 72 80.2 91.9 106.9 123.1 146.2 171.1 192.1
11 10 10 10 10 10 10 9 9 9 9 9 9 8 8 8 8 8 8 7 7 7 7 7 3 2 5 1 1 1 1 1 1 1 1 1 12.6 49 36.2 15.1 1 1 1 3 2 1 1.7 1 1 1 1 1 1 31.8 44.3 12 5 3 3 3 3 3 4 6 8.7 13 18 23.2 29 32.8 36 35 28 43 47 50 52 53 54.7 56 58 59 61 63.2 66.1 73 82.8 95.9 111.9 129.9 152.6 171.8
10 10 10 10 9 9 9 9 9 9 8 8 8 8 8 7.1 7 7 7 7 7 6 6 6 2.7 3 4 1.9 1 1 1 1 1 1 1 1 21 42 53 31.4 15.4 1 1 3 2 1 1 6.6 1 1 1 1 2 13.4 43.1 12.3 5 3 3 1 2 3 3 5 8 12 16 20.6 24 27 25.9 18 33.9 41.7 45 47 49 51.5 53 55 56 57 58 59 62 67 74.7 85.7 99 114.6 130.6 145.6
10 9 9 9 9 9 8.5 8 8 8 8 8 7 7 7 7 7 7 6 6 6 6 6 6 5 3 2 5 1 1 1 1 1 1 1 2 17.9 28.9 34.6 45 37.2 20.7 1 3 1 1 1 19.3 1 1 1 1 1 3 14.5 7.6 6.6 4 3 2 2.7 3 4 7.2 12 17 22 22 20 17 10.9 25 34 39 42 43 45 48 51 53 55 55 55 55 57 60.7 66.4 76.3 87.4 99.3 113.3 123.3
9 9 9 8.2 8 8 8 8 8 7 7 7 7 7 7 6 6 6 6 6 6 5 5 5 5 5 3 4 1 1 1 1 1 1 1 1.5 9.4 18 26.7 39.7 62 43.7 20 3 1 1 3 7.4 12.3 1 1 1 1 2 1 2 11 8 5 4 4 6 8 13.3 21.2 29.5 32.2 26 17 5.9 12.3 21 28.8 33.8 37 38.1 40 43 47 51.1 54 54.5 53.6 53 53.5 55.7 60 66.2 76 86 97 104.1
8 8 8 8 8 8 7 7 7 7 7 7 6 6 6 6 6 5.3 5 5 5 5 5 4 4 4 3 1 1 1 1 1 1 1 1 1 1 13.4 31.6 55.6 82.2 69.2 44.2 13.5 1 2 1 1 10.7 1.4 1 1 1 1 1 1 19.7 14.2 11 10 9 10 14.3 24.4 35.4 46.6 43.7 29.2 14.7 1.5 7 12.7 20.1 26.1 29 31.9 33.8 38.8 44 48.7 53 55 54 52 51 50.3 52.6 58.1 64.1 72.7 80.7 87
8 8 8 7 7 7 7 7 6.6 6 6 6 6 6 5 5 5 5 5 5 4 4 4 4 4 3 3 1 1 1 1 1 1 1 1 1 3.8 23.4 44.5 67.2 81 83.9 63.5 38.7 16.8 1.4 1 1 1 5 1 1 1.4 1 1 1 6 14 18 19 17.3 16.4 23 36.5 50.6 59 48.9 32.5 14.9 2 1 4 11 16 20.6 22.8 22.8 33 41 46 51 54 54 52 50 48 47 50 55.9 61.5 67.9 74.7
7 7 7 7 7 6 6 6 6 6 6 5 5 5 5 5 5 4 4 4 4 4 3 3 3 3 1 1 1 1 1 1 1 1 1 1 17.4 39.5 53.6 63.8 65.7 66 66.9 61.6 45.7 27.7 8.7 1 2 1 1 1 2 1 2 1 1 5.9 17.7 31 28 25.5 33.9 48 62 65.7 51 34 18 3.7 1 1 1.9 7 11.7 11.7 15.4 27 36.9 43 49 51 51 51 50 48 44 44 48.9 53.9 59.4 64.4
7 7 6 6 6 6 6 6 5 5 5 5 5 5 4 4 4 4 4 3 3 3 3 2 2 2 1.3 1 1 1 1 2 1 1 1 1.2 25 48.1 55 55 55 59 71.2 78.4 73.8 55.9 30.9 1 2 1 3 1 2 1 2 2 1 1 9.8 22.8 27 29 36 50.9 63 64.1 51.9 36.8 18.8 4.9 1 1 1 1 1.8 2.8 12.8 24.2 31 37.9 44.1 47.1 48 48 48 46.9 44 39.8 39.3 46 52.3 56
6 6 6 6 5.3 5 5 5 5 5 4 4 4 4 4 4 3 3 3 3 2 2 2 2 1 1.1 17.2 6.9 1 1 1 1 1 1 2 6.8 28.2 47.3 51 50.7 53 66.8 85.7 95.8 100.8 81 46.3 4.1 1 1 2.9 1 2 1 2 1 1 2 2 9.9 16.9 22.8 32.1 43.9 54.9 55 46 32.9 19.8 5.8 2 1 1 1 1 1 4.7 16 24.8 32.8 37 41 43 45 45 44 42 40 32.8 37.4 46 50.6
6 5 5 5 5 5 5 4 4 4 4 4 4 3 3 3 3 2 2 2 2 1 1 1 2 2 29 17.4 7.3 1 1 1 1 1 1 8.6 28.5 44.2 51 47.5 56.3 76.5 94.5 105.1 108 90.6 53.6 14.6 1 1 2 20.4 3.9 1.2 1 1 2 2 1 1 4 12.6 25.7 36.9 45 45 37 26 14 4 1 1 1 1 1 1 1 3 11.6 23 30 31 34.6 42 43 42 39 37.3 32 31.1 42.1 47.5
5 5 5 5 4 4 4 4 4 4 3 3 3 3 2 2 2 2 1 1 1 1.1 2 2 2.2 3 23.8 8.4 1 1 1 1 1 1 1 7 26 39 44 41 53.3 68.2 80.9 85.7 84.6 79.6 61.9 28 1 1 1 39.8 27.6 15.7 1 1 2 1 1 1 1 1 14.9 26.2 36.5 37 30.4 19 9 1 1 1 1 1 1 1 1 1 2.8 10.3 21.3 23.4 30 36.9 40 38.1 36 33 25.9 29.3 39 44.9
5 4 4 4 4 4 4 3 3 3 3 2 2 2 2 1 1 1 1 2 2 2 3 3 3 4 13.3 1 1 1 1 1 1 1.1 1 4 17.9 26.9 23.7 34.2 45.3 58 65.2 64.5 65 74 69.4 45.3 1 2 1 48 52 40 21.9 2 1 1 1 1 1 1 3 13.8 24 28 23 14 3.1 1 1 1 1 1 1 1 1 1 1 2.2 9.2 12.2 20.1 27.9 31 32 31 28 20 28 29.9 31.4
4 4 4 3 3 3 3 3 2 2 2 2 1 1 1 1 1.1 2 2 2.3 3 3 4 4 4 5 7.6 1 1 1 1 1 1 1 1 1 6.8 10.7 14.8 27.2 39 50 49.4 50.1 63.5 84.4 72.4 43.5 6.3 2 1 16.8 36.6 57 39.2 11.9 1 1 1 1 1 1 1 1 10.1 18 16 8.2 1 1 1 1 1 1 1 1 1 1 1 1 1 2.7 9 15 18.9 22.8 24 25 17.6 19.1 27.1 37.7
3 3 3 3 3 2 2 2 2 1 1 1 1 1 2 2 2 3 3 3 4 4 4 5 5 6 4 1 1 1 1 1 1 1 1 1 1 1 9.5 26.1 38.1 39.3 36 53.1 76.4 77.1 54.6 25.4 3 2 1 1 17.5 45.9 56 24.9 1 1 1 1 1 1 1 1 1 5.9 7.8 1.2 1 1 1 1 1 1 1 1 1 1 1 1 1 1 1 1 6.9 13 18.5 21 13.4 22.1 32 36.4
3 3 2 2 2 2 1 1 1 1 1 2 2 2 3 3 3 4 4 4 5 5 6 4 4 4 4 4 1 1 1 1 1 1 1 2 2 1.9 17 31 34.9 24 39.2 57.3 65.7 50.5 31.4 8.4 1 1 1 1 21.2 45.4 66 40.7 1 1 1 1 1 1 1 1 1 1 1 1 2 1 1 1 1 1 1 1 1 1 1 1 1 1 1 1 1 6.8 13.9 17 10 19 29 33
2 2 2 1 1 1 1 1 1 2 2 2 3 3 3 4 4 4.7 5 6 4 4 4 4 4 4 4 3 1 1 1 1 1 1 1 2 2 14.6 24.2 27.1 21.1 24.1 37.1 47.9 40.8 27.8 14.4 3.6 1 1 1 1 31.5 63.5 71.8 50.2 1.1 1 1 1 1 1 1 1 1 1 1 1 1 1 1 1 1 1 1 1 1 1 1 1 1 1 1 1 1 5 9 10.2 8 15.9 24 29
1 1 1 0.1 1 1 2 2 2 3 3 3 4 4 4 5 5 4 4 4 4 4 3.9 3 3 3 3 3 3 1 1 1 1 1 1 1 7 21 25 19 11 21 28.8 27.7 20.2 11.9 9.3 10.3 1 1 1 1 41.9 84.3 82.9 48.5 1.3 1 1 1 1 1 1 1 1 1 1 1 1 1 1 1 1 1 1 1 1 1 1 1 1 1 1 1 1 4 6 5 6 12.8 20 24
0.4 1 1 1 2 2 2 3 3 3 4 4 5 5 4 4 4 4 3 3 3 3 3 3 3 3 3 3 3 3 1 1 1 1 1 1 13.7 23 23 11.2 6.9 15 15.5 10 5.4 5.1 12.8 18.4 8.9 1 1 22.1 49.3 77.5 86.5 48.7 1.2 1 1 1 1 1 1 1.5 1 1 1 1 1 1 1 1 1 1 1 1 1 1 1 1 1 1 1 1 1 2 2 3 5 10.9 15 19.5
1 1.4 2 2 2.9 3 3 4 4 4.8 5 4 4 3 3 3 3 3 3 3 3 3 3 3 3 2.3 2 2 2 2 2 1 1 1 1 12.8 24.7 25 17 4.6 2 3.4 1 1 1 8.1 20.9 33.9 22.7 12 11.4 31.3 43.3 50.8 63.3 51.6 3.5 1 1 1 1 1 2 2 1 1 1 1 1 1 1 1 1 1 1 1 1 1 2.8 3 1 1 1 1 1 1 1 1.6 7.3 11.7 14.3 16
2 2 3 3 3 4 4 5 4 3 3 3 3 3 3 3 3 3 3 3 3 2 2 2 2 2 2 2 2 2 2 1.1 1 1 11.6 26.9 33 21.9 8.8 1 1 1.8 1 1 8 17 31.1 49.8 33 12.5 7.1 16.8 23.3 30.6 39.1 57.2 11.7 1 1 1 1 2 2 2 1 1 1 1 1 1 1 1 1 1 1 1 1 1 11 11 1 1 1 1 1 1 1 6 10.4 13 15 14
3 3 4 4 5 3 3 3 3 3 3 3 3 3 3 3 2 2 2 2 2 2 2 2 2 2 2 2 1 1 1 1 1 3.3 19.4 27 24.4 12.6 1 1 1 1 2.8 15.9 26 31.1 46 54.6 20 1 1 1 3.4 11.8 24.8 36 24.2 1 1 1 2 2 2 2 2 1 1 1 1 1 1 1 1 1 1 1 1 1 7 9 2 1 1 1 1 1.2 8 11 13 15 16 15
4 4.9 3 3 3 3 3 3 3 3 3 2 2 2 2 2 2 2 2 2 2 2 2 1 1 1 1 1 1 1 1 1 1 7 13.3 13.3 7.2 1 1 1 1 7.8 24.2 40.2 47.9 50.3 48.7 22.1 2 1 1 1 1 1 11.6 19.7 22.6 5.4 1 2.1 3 2 2 2 2 1 1 1 1 1 1 1 1 1 1 1 1 1 1 1 1 1 1 1 1.7 8 13 14 14 16 16 14
3 3 3 3 3 3 3 2 2 2 2 2 2 2 2 2 2 2 2 1 1 1 1 1 1 1 1 1 1 1 1 0 0 0 1 1 1 1 1 2 4.8 27.2 47.3 57.9 62.4 53.6 21.9 1 1 1 1 1 1 2 2 5.4 9.8 11.4 2 3 3 3 2 2 2 2 1 1 1 1 1 1 1 1 1 1 1 1 1 1 1 1 1 1 6 12.2 17 16 14.5 14 14 11
3 3 2 2 2 2 2 2 2 2 2 2 0 0 0 0 0 0 0 0 0 0 0 0 0 0 0 0 0 0 0 0 0 1 1 1 1 1 1 1 18.2 41.1 54 55.7 57.3 24.1 1 1 1 1 1 2 2 2 1 1 1 5.1 3 3 3 3 2 2 2 2 1 1 1 1 1 1 1 1 1 1 1 1 1 1 1 1 1 1 10 18 21 16 12 11 10 6
0 0 0 0 0 0 0 0 0 0 0 0 0 0 0 0 0 0 0 0 0 0 0 0 0 0 0 0 0 0 0 0 0 0 2 1 1 1 1 4.8 27.4 47.4 49 47 39.1 5.3 1 1 1 1 1 2 2 2 1 1 1 1 1 1 3 3 2 2 2 2 1 1 1 1 1 1 1 1 1 1 1 1 1 1 1 1 1 1 9 20 20 12.8 7 5.5 5 1.2
0 0 0 0 0 0 0 0 0 0 0 0 0 0 0 0 0 0 0 0 0 0 0 0 0 0 0 0 0 0 0 0 0 2 1 1 1 1 1 8.3 29.4 45 39 32 31.4 3.3 1 1 1 1 1 2 2 1 1 1 1 1 1 1 1 1 2 2 2 2 2 1 1 1 1 1 1 1 1 1 1 1 1 1 1 1 1 1 3.9 12 11.3 5.2 1 1 1 1
0 0 0 0 0 0 0 0 0 0 0 0 0 0 0 0 0 0 0 0 0 0 0 0 0 0 0 0 0 0 0 0 0 2 1 1 1 1 2 1 15.3 31.5 23.4 12.8 13.8 2.1 1 1 1 1 1 1 2 1 1 1 1 1 1 1 1 1 1 1 2 2 2 1 1 1 1 1 1 1 1 1 1 1 1 1 1 1 1 1 2 1.9 1 1 1 1 1 1
0 0 0 0 0 0 0 0 0 0 0 0 0 0 0 0 0 0 0 0 0 0 0 0 0 0 0 0 0 0 0 0 2 2 2 2 2 1 1 1 2.7 11.1 7.4 1 2 1 1 1 1 1 1 1 1 1 1 1 1 1 1 1 1 1 1 1 1 1 1.8 1.2 1 1 1 1 1 1 1 1 1 1 1 1 1 1 1 2 1 2 1 1 1 1 1 1
0 0 0 0 0 0 0 0 0 0 0 0 0 0 0 0 0 0 0 0 0 0 0 0 0 0 0 0 0 0 0 0 2 2 2 2 2 2 1 1.1 2 2 1 1 1 1 1 1 1 1 1 1 1 1 1 1 1 1 1 1 1 1 1 1 1 1 1 1 1 1 1 1 1 1 1 1 1 1 1 1 1 1 1 1 1 1 1 1 1 1 1 1
0 0 0 0 0 0 0 0 0 0 0 0 0 0 0 0 0 0 0 0 0 0 0 0 0 0 0 0 0 0 0 0 2 2 2 2 2 2 1 2 1.4 2 1 1 1 1 1 1 1 1 1 1 1 1 1 1 1 1 1 1 1 1 1 1 1 1 1 1 1 1 1 1 1 1 1 1 1 1 1 1 1 1 1 1 1 1 1 1 1 1 1 1
0 0 0 0 0 0 0 0 0 0 0 0 0 0 0 0 0 0 0 0 0 0 0 0 0 0 0 0 0 0 0 0 2 2 2 2 2 1 1 2 2 1 1 1 1 1 1 1 1 1 1 1 1 1 1 1 1 1 1 1 1 1 1 1 1 1 1 1 1 1 1 1 3 1.7 1 1 1 1 1 1 1 1 1 1 1 1 1 1 1 1 1 1
