gis_spread_split/files/wind_middle.asc
ncols 334
nrows 233
xllcorner 5512715.5722262
yllcorner 4846250.55770974
cellsize 56.957985
NODATA_value -9999
[rows 123 to 163 of 233, columns 92 to 183 of 334]
0 0 0 0 0 0 0 0 0 0 0 0 0 0 0 0 0 0 0 0 0 0 0 0 0 0 0 0 0 0 0 0 2 2 2 2 2 1 1 2 12.8 5.8 1 1 1 1 1 1 1 1 1 1 1 1 1 1 1 1 1 1 1 1.2 1 1 1 1 1 1 1 1 1 1 1 4 1.1 1 1 1 1 1 1 1 1 1 1 1 1 1 1 1 1 1
0 0 0 0 0 0 0 0 0 0 0 0 0 0 0 0 0 0 0 0 0 0 0 0 0 0 0 0 0 0 0 0 2 2 2 2 2 1 3.1 10.1 23 17.2 7.3 1.3 1 1 1 1 1 1 1 1 1 1 1 1 1 1 1 1 1 2 1 1 1 1 1 1 1 1 1 1 1 1 1 1 1 1 1 1 1 1 1 1 1 1 1 1 1 1 1 1
0 0 0 0 0 0 0 0 0 0 0 0 0 0 0 0 0 0 0 0 0 0 0 0 0 0 0 0 0 0 0 0 2 2 2 3 16.1 18.2 13.4 9 11.7 18.6 26.5 24.5 18.6 11.6 4.7 1 1 1 2 1 1 1 1 1 1 1 1 1 2 2 2 1 1 1 1 1 1 1 1 1 1 1 1 1 1 1 1 1 1 1 1 1 1 1 1 1 1 1 1 1
0 0 0 0 0 0 0 0 0 0 0 0 0 0 0 0 0 0 0 0 0 0 0 0 0 0 0 0 0 0 0 0 2 2 4.2 18.8 28 33.1 15.3 1.1 1 13.9 31.9 45.7 39.7 28.8 24.8 16.7 5 3 2.7 1 1 1 1 1 1 1 1 2 2 2 2 1 1 1 1 1 1 1 1 1 1 1 1 1 1 7 5.1 1 1 1 1 1 1 1 1 1 1 1 1 1
0 0 0 0 0 0 0 0 0 0 0 0 0 0 0 0 0 0 0 0 0 0 0 0 0 0 0 0 0 0 0 0 2 6.6 21.9 28 27 27 9.8 1 1 7.2 28.9 50.1 48 30 24 25 16.8 9.8 11 1 1 1 1 1 1 1 1 2 2 2 2 2 1 1 1 1 1 1 1 1 1 1 1 1 1 2.9 16 9.1 1 1 1 1 1 1 1 1 1 1 1 1
0 0 0 0 0 0 0 0 0 0 0 0 0 0 0 0 0 0 0 0 0 0 0 0 0 0 0 0 0 0 0 0 8.6 24.6 28 27 27 27 29.9 1 1 2.7 22.8 40.9 36.1 19.9 10.8 10.1 13.7 13 13 2.5 2 2 1.7 1 1 1 2 2 2 2 2 2 1 1 1 1 1 1 1 1 1 1 1 1 1 1 3.7 17 10 1 1 1 1 1 1 1 1 1 1 1
0 0 0 0 0 0 0 0 0 0 0 0 0 0 0 0 0 0 0 0 0 0 0 0 0 0 0 0 0 0 0 0 26.6 27 27 27 27 26 26 5.2 1 1 16.7 24 18.9 6.1 1 1 9.1 17.1 17.9 5 4.7 3.8 3 3 3 3 2.1 2 2 2 2 2 2 1 1 1 1 1 1 1 1 1 1 1 1 1 1 1 11.4 6.1 1 1 1 1 1 1 1 1 1 1
0 0 0 0 0 0 0 0 0 0 0 0 0 0 0 0 0 0 0 0 0 0 0 0 0 0 0 0 0 0 0 0 27 27 27 26 26 26 26 27.4 1 1 7.1 12.2 5.7 1 1 1 9 24.1 26.9 1 1 1 1 1 1 1 1 1 1 1.6 2 2.5 3 6.9 4.7 1 1 1 1 2 1 1 1 1 1 1 1 1 1 3.9 2 1 1 1 1 1 1 1 1 1
0 0 0 0 0 0 0 0 0 0 0 0 0 0 0 0 0 0 0 0 0 0 0 0 0 0 0 0 0 0 0 0 27 26.9 26 26 26 25 25 25 14.4 1 3 1 1 1 1 1 5.9 23.1 8.9 1 1 1 1 1 1 1 1 1 1 1 1 1 1 1 24 6 1 2 1 1 1 1 1 1 1 1 1 1 1 1 1 3 1 1 1 1 1 1 1 1
0 0 0 0 0 0 0 0 0 0 0 0 0 0 0 0 0 0 0 0 0 0 0 0 0 0 0 0 0 0 0 0 26 26 26 26 25 25 25 24.8 24 2.1 1 1 1 1 1 1 1 1 2.2 1 1 1 1 1 1 1 1 1 1 1 1 1 1 1 10.9 14.1 1 1 1 1 1 1 1 1 1 1 1 1 1 1 1 2 8.3 3.4 1 1 1 1 1 1
0 0 0 0 0 0 0 0 0 0 0 0 0 0 0 0 0 0 0 0 0 0 0 0 0 0 0 0 0 0 0 0 26 26 25 25 25 25 24 24 24 20.4 0 1 1 1 1 1 1 1 1 2 1 1 1 1 1 1 1 1 1 1 1 1 1 1 2.3 13.1 1 1 1 1 1 1 1 1 1 1 1 1 1 1 1 1 11.9 15.5 5.1 1 1 1 1 1
0 0 0 0 0 0 0 0 0 0 0 0 0 0 0 0 0 0 0 0 0 0 0 0 0 0 0 0 0 0 0 0 25.1 25 25 25 24 24 24 24 23 23 6.6 1 4.2 8.3 1 1 1 1 1 1 2 1 1 1 1 1 1 1 1 1 1 1 1 1 1.7 14.8 1 1 1 1 1 1 1 1 1 1 1 1 1 1 1 1 4.7 20.8 14 1.9 1 1 1 1
0 0 0 0 0 0 0 0 0 0 0 0 0 0 0 0 0 0 0 0 0 0 0 0 0 0 0 0 0 0 0 0 25 25 25 24 24 24 23 23 23 23 21.9 2.6 13 22.4 14.7 1 1 1 1 1 1 2 1 1 1 1 1 1 1 1 1 1 1 1 2 15 1 1 1 1 1 1 1 1 1 1 1 1 1 1 1 1 2 2.8 11 6.2 1 1 1 1
0 0 0 0 0 0 0 0 0 0 0 0 0 0 0 0 0 0 0 0 0 0 0 0 0 0 0 0 0 0 0 0 25 24 24 24 24 23 23 23 23 22 22 13.2 16 20.7 16.2 1 1 1 1 1 1 1 2 1 1 1 1 1 1 1 1 1 1 2 1 1 1 1 1 1 1 1 1 1 1 1 1 1 1 1 1 1 1 1 1 1 1 1 1 1
0 0 0 0 0 0 0 0 0 0 0 0 0 0 0 0 0 0 0 0 0 0 0 0 0 0 0 0 0 0 0 0 24 24 24 23 23 23 23 22 22 22 22 21 17 12 5.2 1 1 1 1 1 1 1 1 2 1 1 1 1 1 1 1 1 1.4 1 2 1 1 4.2 1 1 1 1 1 1 1 1 1 1 1 1 1 1 1 1 1 1.4 1 1 1 1
0 0 0 0 0 0 0 0 0 0 0 0 0 0 0 0 0 0 0 0 0 0 0 0 0 0 0 0 0 0 0 0 24 23.7 23 23 23 22 22 22 22 21 21 19 17 6.7 1 1 1 1 1 1 1 1 1 1 1 1 1 1 1 1 1 1 1 2 2 1.5 1 1 1.9 1 1 1 1 1 1 1 1 1 1 1 1 1 1 1 1 1 1 1 1 1
0 0 0 0 0 0 0 0 0 0 0 0 0 0 0 0 0 0 0 0 0 0 0 0 0 0 0 0 0 0 0 0 23 23 23 23 22 22 22 21.2 21 21 17 13 9 4 1 1 1 1 1 1 1 1 1 1 1 1 1 1 1.9 1 1 1 2 3 2 1 1.5 1 1 1 1 1 1 1 1 1 1 1 1 1 1 1 1 1 1 1 1 1 1 1
0 0 0 0 0 0 0 0 0 0 0 0 0 0 0 0 0 0 0 0 0 0 0 0 0 0 0 0 0 0 0 0 23 23 22 22 22 22 21 21 19 15 11 7 3 1 1.4 1 1 1 1 1 1 1 1 1 1 1 1 1 10.2 22.7 28.4 16.8 3.4 2.9 1 1 1 1 1 1 1 1 1 1 1 1 1 1 1 1 1 1 1 1 1 1 1 1 1 1
0 0 0 0 0 0 0 0 0 0 0 0 0 0 0 0 0 0 0 0 0 0 0 0 0 0 0 0 0 0 0 0 22 22 22 22 21 21 21 16.9 13 9 5 1 1 2 2 2 1 1 1 1 1 1 1 1 1 1 1 8.9 22.9 38 47 43.5 23.5 2 1 1 1 1 1 1 1 1 1 1 1 1 1 1 1 1 1 1 1 1 1 1 1 1 1 1
0 0 0 0 0 0 0 0 0 0 0 0 0 0 0 0 0 0 0 0 0 0 0 0 0 0 0 0 0 0 0 0 22 22 21.5 21 21 19.9 15 10.7 7 3 1 1 2 2 2 2 2 3 1 1 1 1 1 1 1 1 1 3.4 13.9 23.3 33.3 42.2 34.9 10.8 1 1 1 1 1 1 1 1 1 2.9 1 1 1 1 1 1 1 1 1 1 1 1 1 1.4 1 1
0 0 0 0 0 0 0 0 0 0 0 0 0 0 0 0 0 0 0 0 0 0 0 0 0 0 0 0 0 0 0 0 22 21 21 21 18 12.8 9 5 1 1 1 2 2 2 2 2 2 2 3 3.7 1 1 1 1 1 1 1 1 5.2 11.9 18.1 26.1 37 21.9 1.1 2 1 1 1 1 1 1 1 1 10.8 1 1 1 1 1 1 1 1 1 1 1 1 1 1 1
0 0 0 0 0 0 0 0 0 0 0 0 0 0 0 0 0 0 0 0 0 0 0 0 0 0 0 0 0 0 0 0 21 21 21 16.8 11 7 3 1 1 1 2 2 2 2 2 2 2 2 3 3 5 2.3 1 1 9.3 10 8.8 6.3 5 5.8 9 15.8 25 33.2 17.2 2 1 1 1 1 1 1 1 1 1.1 8.3 1 1 1 1 1 1 1 1 1 1 1 1 1 1
0 0 0 0 0 0 0 0 0 0 0 0 0 0 0 0 0 0 0 0 0 0 0 0 0 0 0 0 0 0 0 0 21 20 15 10 5 1 1 1 2 2 2 2 2 2 2 2 2 3 3 3 3 4.5 6 13.3 24.4 25.9 21 16 11 7 3 8.6 17 28 33 17.5 1 1 1 1 1 1 1 1 1 15 1 1 1 1 1 1 1 1 1 1 1 1 1 1
0 0 0 0 0 0 0 0 0 0 0 0 0 0 0 0 0 0 0 0 0 0 0 0 0 0 0 0 0 0 0 0 20 14.2 8.8 3.7 1 1 1 2 2 2 2 2 2 2 2 2 3 3 3 3 3 3 4 11.6 27.9 36 32.3 26.6 19.2 10.7 1 2.9 9.3 20.2 30.2 29.8 17.9 4.9 1 1 1 1 1 1 1 10.5 1 1 1 1 1 1 1 1 1 1 1 1 1 1
0 0 0 0 0 0 0 0 0 0 0 0 0 0 0 0 0 0 0 0 0 0 0 0 0 0 0 0 0 0 0 0 13 7.9 2 1 1 1 2 2 2 2 2 2 2 2 2 3 3 3 3 3 3 3 3 4 12.7 27.8 38.2 38.8 24.8 17.6 17.7 17.5 17.8 19.7 22 30 33.1 26.1 14.4 3.3 1 1 1 1 1 12.4 6.5 1 1 1 1 1 1 1 1 1 1 1 1 1
0 0 0 0 0 0 0 0 0 0 0 0 0 0 0 0 0 0 0 0 0 0 0 0 0 0 0 0 0 0 0 0 6 1 1 1 2 2 2 2 2 2 2 2 2 3 3 3 3 3 3 3 3 3 4 4 4 7.7 21.5 24 19.8 16 15 18 21 24 27 30 33 33 34 26.4 16.9 7.4 1 3.7 15 25.8 17.5 1 1 1 1 1 1 1 1 1 1 1 1 1
0 0 0 0 0 0 0 0 0 0 0 0 0 0 0 0 0 0 0 0 0 0 0 0 0 0 0 0 0 0 0 0 1 1 1 2 2 2 2 2 2 2 2 2 3 3 3 3 3 3 3 3 3 4 4 4 4 3 3.2 4 9.6 18 20 22.1 24.7 27.1 30 33 36 39 42 45 41.6 29.7 21.8 23 35.9 47 34.7 10.6 2 1 1 1 1 1 1 1 1 1 1 1
0 0 0 0 0 0 0 0 0 0 0 0 0 0 0 0 0 0 0 0 0 0 0 0 0 0 0 0 0 0 0 0 1 1 2 2 2 2 2 2 2 2 2 3 3 3 3 3 3 3 3 3.9 4 4 4 3 3 4 4 4 3 4 4 6.8 13.7 20.6 28.4 36.8 44.9 49.6 52 54.7 61 54.9 41.9 38.1 51.2 70.1 43.8 20.2 3 2.7 2 1 1 1 1 1 1 1 1 1
0 0 0 0 0 0 0 0 0 0 0 0 0 0 0 0 0 0 0 0 0 0 0 0 0 0 0 0 0 0 0 0 1.5 2 2 2 2 2 2 2 2 3 3 3 3 3 3 3 3 3 4 4 4 3 3 3 4 4 4 4 4 3 3 4 4 5 6 10.1 17.5 24.4 32.1 39.9 47.9 55.9 53 42 45.9 59.8 41.3 12.2 1 1 1 1 1 1 1 9 1 1 1 1
0 0 0 0 0 0 0 0 0 0 0 0 0 0 0 0 0 0 0 0 0 0 0 0 0 0 0 0 0 0 0 0 2 2 2 2 2 2 2 2 3 3 3 3 3 3 3 3 3 4 4 4 3 3 4 4 4 4 4 4 5 5 4 3 3 4 4.1 5 6 6 7 13.9 21.8 28.8 36.4 39.1 31.6 35.5 25.4 1 1 1 1 1 1 1 1 1 1 1 1 1
0 0 0 0 0 0 0 0 0 0 0 0 0 0 0 0 0 0 0 0 0 0 0 0 0 0 0 0 0 0 0 0 2 2 2 2 2 2 2 3 3 3 3 3 3 3 3 3 4 4 3 3 3 4 4 4 4 4 4 5 5 5 5 4.6 3 3 3 4 5 5 6 6 7 8 12.4 18.9 25.4 19.3 10.9 0 0 0 0 0 0 0 0 0 1 1 1 1
0 0 0 0 0 0 0 0 0 0 0 0 0 0 0 0 0 0 0 0 0 0 0 0 0 0 0 0 0 0 0 0 2 2 2 2 2 2.5 3 3 3 3 3 3 3 3 4 4 3 3 3 4 4 4 4 4 4 4 5 5 5 5 5 5 6 4 3 3 3 4 5 5 6 6.3 7 8 8 9 1 1 0 0 0 0 0 0 0 0 1 1 1 1
0 0 0 0 0 0 0 0 0 0 0 0 0 0 0 0 0 0 0 0 0 0 0 0 0 0 0 0 0 0 0 0 2 2 2 2 3 3 3 3 3 3 3 3 3 4 4 3 3 3 4 4 4 4 4 4 5 5 5 5 5 5 6 6 6 6 4 3 2 3 4 4 5 5 6 7 7 8 8 1 1 0 0 0 0 0 0 0.4 1 1 1 1
0 0 0 0 0 0 0 0 0 0 0 0 0 0 0 0 0 0 0 0 0 0 0 0 0 0 0 0 0 0 0 0 2 2 2 3 3 3 3 3 3 3 3 3 4 3 3 3 3 4 4 4 4 4 4 5 5 5 5 5 5 6 6 6 6 6 6 4 3 3 2 3 4 4 5 5 6 7 7 7.5 1 0 0 0 0 0 0 1 1 1 1 1
0 0 0 0 0 0 0 0 0 0 0 0 0 0 0 0 0 0 0 0 0 0 0 0 0 0 0 0 0 0 0 0 0 2 3 3 3 3 3 3 3 3 4 3 3 3 3 4 4 4 4 4 4 5 5 5 5 5 5 5.3 6 6 6 6 6 6 7 7 4.7 4 3 2 2 3 4 4 5 5 6 7 1 1 0 0 0 0 0 1 1 1 1 1
0 0 0 0 0 0 0 0 0 0 0 0 0 0 0 0 0 0 0 0 0 0 0 0 0 0 0 0 0 0 0 0 0 3 3 3 3 3 3 3 3 4 3 3 3 3 4 4 4 4 4 4 5 5 5 5 5 5 6 6 6 6 6 6 7 7 7 7 7 7 4 3 3 2 2.8 3 4 4 5 5 6 1 1 0 0 0 0 1 1 1 1 1
0 0 0 0 0 0 0 0 0 0 0 0 0 0 0 0 0 0 0 0 0 0 0 0 0 0 0 0 0 0 0 0 0 3 3 3 3 3 3 3 3 3 3 3 4 4 4 4 4 4 4 5 5 5 5 5 5 6 6 6 6 6 6 7 7 7 7 7 7 8 8 4 4 3 2 2 2.7 3 4 4 5 5 1 0 0 0 0 1 1 1 1 1
0 0 0 0 0 0 0 0 0 0 0 0 0 0 0 0 0 0 0 0 0 0 0 0 0 0 0 0 0 0 0 0 0 3 3 3 3 3 3 3 3 3 3 4 4 4 4 4 4 5 5 5 5 5 5 6 6 6 6 6 6 6.7 7 7 7 7 7 7 8 8 8 8 5 4 3 2 2 2 3 3 4 4 5 1 0 0 0 1 1 1 1 1
0 0 0 0 0 0 0 0 0 0 0 0 0 0 0 0 0 0 0 0 0 0 0 0 0 0 0 0 0 0 0 0 0 3 3 3 3 3 3 3 3 3 4 4 4 4 4 4 5 5 5 5 5 5 6 6 6 6 6 6 7 7 7 7 7 7 8 8 8 8 8 8 9 5 4 3.7 3 2 1.7 2 3 3 4 1 1 0 0 1 1 1 1 1
0 0 0 0 0 0 0 0 0 0 0 0 0 0 0 0 0 0 0 0 0 0 0 0 0 0 0 0 0 0 0 0 0 3 3 3 3 3 3 3 4 4 4 4 4 4 5 5 5 5 5 5 5.1 6 6 6 6 6 6 7 7 7 7 7 7 8 8 8 8 8 8 9 9 9 9 5 4 3 2 2 2 2 3 3 1 1 0 1 1 1 1 1
0 0 0 0 0 0 0 0 0 0 0 0 0 0 0 0 0 0 0 0 0 0 0 0 0 0 0 0 0 0 0 0 0 3 3 3 3 3 3 4 4 4 4 4 4 5 5 5 5 5 5 6 6 6 6 6 6 7 7 7 7 7 7 8 8 8 8 8 8 8 9 9 9 9 9 9 5 4 3 3 2 1 1.2 2 3 1 1.7 1 1 1 1 1
