gis_spread_split/files/wind_middle.asc
ncols 334
nrows 233
xllcorner 5512715.5722262
yllcorner 4846250.55770974
cellsize 56.957985
NODATA_value -9999
[rows 123 to 163 of 233, columns 184 to 275 of 334]
1 1 1 7 13.4 16 17 16 15 12 7 2 3.7 9 16 25.7 34.7 35 37 34 30 22.9 11 8.1 17.2 27 32.5 35.1 38 40.5 43 45.9 49 54.9 59 66.9 84.9 107.4 126 128.3 124.2 119.1 111.3 133.3 155.4 166 171.4 178 186.6 164.8 143.1 127.8 117.1 103.1 80.1 43 50.1 62.8 29.8 4 1 1 1 1 1 1 1 1 1 1 1 1 1 1 1 1 1 1 -9999 -9999 -9999 -9999 -9999 -9999 -9999 -9999 -9999 -9999 -9999 -9999 -9999 -9999
1 1 1 6 17 19 17.8 16 14 10 6 1 1 1 7.9 14.4 19.5 23.5 25 29 28 24 8.9 11 22 26.2 29 32 35 37 39 42 46 50 54 60.9 77 95 114 117 115.9 111 96.9 130.9 151.3 161 166.7 175 178 168.4 151.9 135.3 123.3 106.1 65.2 46.3 30 41.6 24.8 1.5 2 5.5 1 1 1 1 1 1 1 1 1 1 1 1 1 1 1 1 -9999 -9999 -9999 -9999 -9999 -9999 -9999 -9999 -9999 -9999 -9999 -9999 -9999 -9999
1 1 1 2 6.2 13 14 14 12 8.7 3.9 1 1 1 1 4 7.1 9.5 12.2 17.1 21.1 21 9 6.9 18.8 21 25.2 28.7 31.7 33.2 35.7 39 42.1 45 46.7 52.7 64 77.8 89.8 100.7 101.7 90.5 84.9 123.8 147 150.3 152.6 171.6 174 166.5 155.4 141 126.8 111.1 93.3 70.2 42.7 19 8 5.5 25.1 23.7 14.7 3 1 1 1 1 1 1 1 1 1 1 1 1 1 1 -9999 -9999 -9999 -9999 -9999 -9999 -9999 -9999 -9999 -9999 -9999 -9999 -9999 -9999
1 1 2 1.2 1 1 3.9 6 8 6 2 1 1 1 1 1 1 1 1.7 6 11.8 13.9 7.8 2 15 12.6 21.1 26 28.5 30.3 33 35.1 38 40 41 44.6 52.6 62.5 72.7 77.6 77.5 73 87 115.1 138.2 137.8 138.4 155 167 163.5 153.5 138.3 127.1 127.8 116.6 106.5 66.8 46.5 34.9 29.9 42.9 42.9 30.1 17 11.3 3.2 1 1 1 1 1 1 1 1 1 1 1 1 -9999 -9999 -9999 -9999 -9999 -9999 -9999 -9999 -9999 -9999 -9999 -9999 -9999 -9999
1 2 1 1 1 1 1 1 1 2.5 1 1 1 1 1 1 1 1 1 1 1 3 1 3.4 9.5 5 10.4 22.3 26 28 30 32 34 36 36.9 39 44 50.4 58.4 62.9 64.1 70 90 108 132.1 124.9 124.1 138.1 153.1 159 154 143.5 139.5 135 128.2 127.1 93.3 74.1 61 54.1 59 54.2 45.3 34.2 20.5 3.8 1 1 1 1 1 1 1 1 1 1 1 1 -9999 -9999 -9999 -9999 -9999 -9999 -9999 -9999 -9999 -9999 -9999 -9999 -9999 -9999
2 1 1 1 1 1 1 1 1 1 2 1 1 1 1 1 1 1 1 1 1 1 1 1 1 11.7 11.8 11 20 24 27 29 30.8 32 34 36 40.3 45 50 55 57.2 66.1 79.9 97.9 112.9 114.8 106.9 123.8 138.1 152 152.3 150 148.4 140.9 132.9 138.1 124.7 103.1 87.4 76.2 70.4 62.4 54 46.5 33 8.3 3 1 1 1 1 1 1 1 1 1 1 1 -9999 -9999 -9999 -9999 -9999 -9999 -9999 -9999 -9999 -9999 -9999 -9999 -9999 -9999
1 1 1 1 1 1 1 1 1 1 1 1 1 1 1 1 1 2 1 1 1 1 1 1.6 10.7 21 24 21 15.1 17.1 23 26 28 29 32 34.2 38 42 46 50 51 56.7 65.9 76.8 89.7 97.7 88.6 106.6 125.2 144.5 147.1 155.3 160.5 148.6 133.5 131.5 149.4 126.7 106.7 92.4 80.6 70.6 60.1 50 43.8 25.8 3 10.2 17 1.1 1 1 1 1 1 1 1 1 -9999 -9999 -9999 -9999 -9999 -9999 -9999 -9999 -9999 -9999 -9999 -9999 -9999 -9999
1 1 1 1 1 1 1 1 1 1 1 1 1 1 1 1.5 6.4 10 11.6 12.6 13.7 11.3 7.9 5 17.7 26 29 28 25 22 18 22 26 28 30 33 36 39 42.5 45 45 46.9 51.7 58.9 66.4 74.5 77.4 91 110.3 128.3 140.3 155.2 169.3 155.7 133.6 122.9 133.5 141.5 123.2 106.4 91.9 79.2 66.1 56 50.1 44 5 12.2 33.1 18.5 1 1 1 1 1 1 1 1 -9999 -9999 -9999 -9999 -9999 -9999 -9999 -9999 -9999 -9999 -9999 -9999 -9999 -9999
1 1 1 1 1 1 1 1 1 1 1 1 1 1 1 9.7 17.2 24 29.8 31.9 30 26 20.5 15.5 19.7 28.7 32 31 29 26 23 21 24.1 27 29 31.3 34 37 39 40 40 40 42 46 51.2 57.2 60.9 79.1 94 113 130.1 145.8 162.7 156.5 133.4 115.6 123.8 136.7 134.9 119.3 103.3 89.3 74.3 63.2 56 45.1 11.4 21.4 48.5 34.4 14 1 1 1 1 1 1 1 -9999 -9999 -9999 -9999 -9999 -9999 -9999 -9999 -9999 -9999 -9999 -9999 -9999 -9999
1 1 1 1 1 1 1 1 1 1 1 1 1 1 4 17.1 28 37.9 46.3 52.1 49.1 41.8 34.7 28.7 28.2 33 36 34 31.2 28.8 26 23 23 25 28 30.1 32 34 35.2 37 36 35 36 39 43.2 49 52 62 80 97.7 114.7 132.7 144.2 148.3 129.9 111.8 116.5 128.5 137.1 133.5 117.5 101 84.5 71.5 62 44.2 40.4 22.9 53.4 50.7 28.6 3.7 1 1 1 1 1 1 -9999 -9999 -9999 -9999 -9999 -9999 -9999 -9999 -9999 -9999 -9999 -9999 -9999 -9999
1 1 1 1 1 1 1 1 1 1 1 1 1 1 8.9 23 38 50 60 68.4 66 56.2 46.3 39.5 37 38 39 37 33 30 27.2 26 27 26 28 29.7 31 32 32.6 33 33 33 34 36 40 43 44 49.5 65 82.5 99.5 116.5 126.4 129 125.2 108.8 109.3 122.3 133.4 141.1 133.7 115.5 95.8 80.6 68.3 48.3 49.7 41.7 44 59 42 17 1 1 1 1 1 1 -9999 -9999 -9999 -9999 -9999 -9999 -9999 -9999 -9999 -9999 -9999 -9999 -9999 -9999
1 1 1 1 1 1 1 1 1 1 1 1 1 1 12.9 31.9 47 60.1 70 80 77.6 65.9 53.9 45.8 40.9 38.5 37 36 33 31 29 28.3 29 29 29 29 30 30 30.2 30.1 31 31 32 34 36 38 38 41.4 48.3 67.2 86.3 101.2 111 115.1 113 104.8 103 114.8 126.5 143.3 149.3 130.1 108.3 90.1 76.4 56.2 57 54 41.2 51 55.4 30.3 8.3 1 1 1 1 1 -9999 -9999 -9999 -9999 -9999 -9999 -9999 -9999 -9999 -9999 -9999 -9999 -9999 -9999
1 1 1 1 1 1 1 1 1 1 1 1 1 1 14.8 34.9 55.9 69.5 79 85 81 69.8 57.8 47 40 36 34 33 32 32 31 31 31 30 30 30 29 29 29 28.8 29 29 30 31 33 34 34 37 41 52.8 73.9 88 97.9 101 100.8 94 89.9 106 118.2 136.7 154 146.3 124.4 102.5 87 71.4 60 65.1 55.4 43.5 56.8 44.2 21.6 1.6 1 1 1 1 -9999 -9999 -9999 -9999 -9999 -9999 -9999 -9999 -9999 -9999 -9999 -9999 -9999 -9999
1 1 1 1 1 1 1 1 1 1 1 1 2 2 14.1 34.8 55.8 75.9 86 86 78.1 67 55 45 36 31 30 32 33 33 34 33 33 32 31 30 29 29 28.8 29.8 29 28 28 29 29.4 30.3 31 33 35.6 41.6 55.6 69.9 84.6 88.8 88.7 81.1 77.5 97.5 109 124.5 144.4 160 141.6 117.6 98.6 84.1 71.7 72.6 67.6 54.1 49.8 56.7 38.5 17.9 1 1 1 1 -9999 -9999 -9999 -9999 -9999 -9999 -9999 -9999 -9999 -9999 -9999 -9999 -9999 -9999
1 1 1 1 1 1 1 1 1 1 1.7 2 1 1 10.7 28.7 46 63 76.9 83.1 74 61.9 49.7 39 29.8 20 29 33 35 36.7 37 37 35.9 34 32 30 29 28 29 29 28 28 28 27 27 28 29 30 30.5 35 43 54.9 69.5 75.6 76.6 71.4 70.9 90 100.2 112.2 130.1 151.3 156.8 132.9 111.8 93.7 82.2 77 76 63.8 52.3 55.8 52.2 36.2 14.1 1 1 1 -9999 -9999 -9999 -9999 -9999 -9999 -9999 -9999 -9999 -9999 -9999 -9999 -9999 -9999
1 1 1 1 1 1 1 1 1 1 1 1 1 1 3.1 18.6 32 46.7 58.8 70.8 69.7 57 42 28 15.9 19.1 31 36.8 41 42.9 43 42 39.5 37 33.5 32 30 29 28.4 28 28 27 27 27 27 27 27 28 29 33 37 43.5 52.4 61.8 66.3 63.2 67.8 83 92.9 102 116 133.8 153.8 147.7 124.7 103.7 89.4 81 74 68.5 57.4 54 60 55 31.5 8.5 1 1 -9999 -9999 -9999 -9999 -9999 -9999 -9999 -9999 -9999 -9999 -9999 -9999 -9999 -9999
1 1 1 1 1 1 1 1 1 1 1 1 1 2 1 4.4 16.9 28.5 39.7 51.4 60.5 51 37.4 23.3 9 13.3 26.3 41.2 49 52.4 53.7 51.2 46.2 41 36.2 33.2 31 30 28 28 29 29 28 27 27 27 27 27 28 29.7 32 35 40.1 48.2 55.7 56 62 76.8 85.7 93.7 103 118.1 135.6 153.5 138.5 115.6 96.9 85 75.6 66.6 61 58.1 60 63 51.7 26.7 2.1 1 -9999 -9999 -9999 -9999 -9999 -9999 -9999 -9999 -9999 -9999 -9999 -9999 -9999 -9999
1 1 1 1 1 1 1 1 1 1 1 1 1 1 1 1 1.4 12.4 21.8 32.4 41.4 43.1 33 19 4 10.1 25.1 41 57.3 66.4 68.3 62.4 54 46 39 35 32 30 29 29 30 31.1 31 28.3 26 27 27 27 27 29 30 32 35 40 45 49.5 57.9 70.7 78.5 86.5 93.9 104.4 120 137.3 147.7 129.8 107.6 91 80.7 72.1 66 63 62 65 64 45.5 19.3 1 -9999 -9999 -9999 -9999 -9999 -9999 -9999 -9999 -9999 -9999 -9999 -9999 -9999 -9999
1 1 1 1 1 1 1 1 1 1 1 1 1 1 1 1 1 1 7.2 16.3 25.9 34 28 13.2 1 14.9 30 44.1 61.1 81 83.4 73.4 59.7 49.4 41.6 37 33 30 29 29 31 32 33 31 28 27 27 27 27 29 30.3 33 35 37 42 46 51.4 63.6 73.8 80 84.3 93.1 105.9 124 140 141.9 119.8 98.8 85.8 77.8 69.7 69 68.6 67 68 61.4 38.2 15.3 -9999 -9999 -9999 -9999 -9999 -9999 -9999 -9999 -9999 -9999 -9999 -9999 -9999 -9999
1 1 1 1 1 1 1 1 1 1 1 1 1 1 1 1 1 1 1 4.1 16.6 27 21.3 3.1 3 18 30.9 43 58 73 86 77 65 53 44 38 33 30 28 29 30 32 33 31 28.7 28 27 27 27 29 31 32 34 36.3 39.2 42 45 56.6 68.6 74 77.8 83 92 107.8 123.8 139.8 130.3 107.9 91.9 82.4 72.5 77.8 77 72.9 69.5 69 55.5 31.6 -9999 -9999 -9999 -9999 -9999 -9999 -9999 -9999 -9999 -9999 -9999 -9999 -9999 -9999
1 1 1 1 1 1 1 1 1 1 1 1 1 1 1 1 1 1 1 1 13.5 26.1 17.8 2 1 12.1 26.9 38.9 50.3 61 70.4 72.1 62.8 53.8 44.7 37.9 33 30 29 29 30 31 32 31 31 30 29 28 28 28.1 30 32 33 34 37 39 44 53 69 70 71 75 81.8 92.9 106.6 121.5 129 115 97 86 77 85.9 88 81 73 70.6 65 46.8 -9999 -9999 -9999 -9999 -9999 -9999 -9999 -9999 -9999 -9999 -9999 -9999 -9999 -9999
1 1 1 1 1 1 1 1 1 1 1 1 1 1 1 1 1 1 1 1 9.4 26.2 16 1 1 1 14.2 28 41.9 49.9 54 54.9 47.9 44.8 39.6 34.9 32 30 30 31 32 33 34 34.9 34.3 34 32 30 29 29 29 31 32 34 36 40.2 49.3 57 65.4 67 67 69 73.4 81.9 91.9 104.4 111.9 112 101 90 82.9 91 99 90.8 78.2 71 67.6 54.6 -9999 -9999 -9999 -9999 -9999 -9999 -9999 -9999 -9999 -9999 -9999 -9999 -9999 -9999
1 1 1 1 1 1 1 1 1 1 1 1 1 1 1 1 1 1 1 1 5.6 18 13.2 2.2 1 1 1 13 26 38 39.9 37 31.7 26.6 27.1 27.5 28 30.7 32.8 34 35 36 38 39.1 39 37.5 35 33 31.1 30 29.9 31 32 33.1 39 47.2 58.3 69.1 71.2 68.7 64 65 67 73.3 80 89.2 96.8 101.1 100 93.1 87 92 103.1 97.9 82.8 73 68 64.4 -9999 -9999 -9999 -9999 -9999 -9999 -9999 -9999 -9999 -9999 -9999 -9999 -9999 -9999
1 1 1 1 1 1 1 1 1 1 1 1 1 1 1 1 1 1 1 1 4.3 12 6 1 1 1 1 1 10.9 18.6 27.5 24.5 17.4 10.3 10.2 17.2 26 33 37 39 41 42.6 44.2 45 45 42.7 39.6 36 34 32 31 31 32 35 42.1 53.4 67.1 82.7 85.5 78.6 68.9 64 65 68 73 79.6 86 91.9 98 95 89 91 102 102 86 75 70 69 -9999 -9999 -9999 -9999 -9999 -9999 -9999 -9999 -9999 -9999 -9999 -9999 -9999 -9999
1 1 1 1 1 1 1 3.1 5.1 1 1 1 1 1 1 1 1 1 1 1 2 2.7 1 1 1 1 1 1 1 1.3 7.4 11.3 3.4 1 2 18 31.1 38.1 42 45.1 49.4 52.6 54.5 53.6 52 48.9 45 41 37.3 35 33.1 33 34 37.3 45 58 72.1 89 100.1 94.8 82.2 69.6 64 64.5 68 72.9 77.4 85 95 94 87 85.9 95 104 88 77 72 72 -9999 -9999 -9999 -9999 -9999 -9999 -9999 -9999 -9999 -9999 -9999 -9999 -9999 -9999
1 1 1 1 1 1 1 14.5 25.8 12.8 1 1 1 1 1 1 1 1 2 1 1 1 1 1 1 1 1 1 1 1 1 1 1 2 8.1 23.9 39 47 48.4 52.5 59.5 64.6 65.9 65 62 56.5 51 46.5 43 40 37.5 37 38 39 45.9 57 72 86.1 102.2 116.8 97.8 82.8 70 65 65 69 72.8 79.8 90.2 93 85 79.8 86.8 93 87.1 78 73 75 -9999 -9999 -9999 -9999 -9999 -9999 -9999 -9999 -9999 -9999 -9999 -9999 -9999 -9999
1 1 1 1 1 1 1 13.2 33 31 15 1 1 1 1 1 1.1 1 1 1 1 1 1 1 1 1 1 1 1 1 1 1 1 1 11.5 26.3 39.9 45.5 45 51.4 66 74.8 76 75 72 66 60 54 49.6 46 43 42 42 43 46.8 54.9 66.9 80 94 113.1 118.8 96 78.8 69.3 66 66.7 70 75.6 84.8 95.9 83.4 76 79 82.8 82 77 75 78.5 -9999 -9999 -9999 -9999 -9999 -9999 -9999 -9999 -9999 -9999 -9999 -9999 -9999 -9999
1 1 1 1 1 1 1 1 14.8 28.7 30.4 12.4 1 1 1 1 1 1 1 1 1 1 1 1 1 1 1 1 1 1 1 1 1 1 2 23.4 32 34.4 35.3 43 56 70.1 87 86.1 80.2 73.2 66.2 61.4 59 54.8 49.8 46 46 46 46.8 50.8 60 71.8 83.8 97 123.4 112.3 91.3 76.4 69 67 68 72 80.5 97 83.4 74 74.5 76 76.6 74 73 78 -9999 -9999 -9999 -9999 -9999 -9999 -9999 -9999 -9999 -9999 -9999 -9999 -9999 -9999
1 1 1 1 1 1 1 1 1 8.6 19.1 18.5 1 1 1 1 1 1 1 1 1 1 1 1 1 1 1 1 1 1 1 1 1 1 1 6.2 22 21.2 24 32.9 45.9 60 77 92 85 76.8 70 67 66.6 63.4 55 48 46 46 44 46 52.6 61.9 72.6 85.5 101.9 124.6 104.9 85.6 75 70 68 69 74.4 85.2 83 74 72 72 72.1 71 70.8 74.9 -9999 -9999 -9999 -9999 -9999 -9999 -9999 -9999 -9999 -9999 -9999 -9999 -9999 -9999
1 1 1 1 1 1 1 1 1 1 1 6.2 1 1 1 1 1 1 1 1 1 1 1 1 1 1 1 1 1 1 1 1 1 1 1 1 4.7 7 10 22 36 50 63.6 73.6 74.5 69.9 67 68.2 74 69 57.6 46 39.5 38 37.9 39 44 51.6 60.5 72.3 88.2 108.2 115 96.9 82.9 74.9 71.1 69.8 70.2 77 79 72.8 70 70 69 68 68 71 -9999 -9999 -9999 -9999 -9999 -9999 -9999 -9999 -9999 -9999 -9999 -9999 -9999 -9999
1 1 1 1 1 1 1 1 1 1 1 1 1 1 1 1 1 1 1 1 1 1 1 1 1 1 1 1 1 1 1 1 1 1 1 1 1 1.1 2 13.5 25.9 38.3 49.3 54.3 55.3 55 58.1 67.1 73 69 55.7 44.7 37 33 31 33 37 43.2 51.2 62 76.1 94.9 115.8 107 92.2 81 75.9 73 72 72 73 71 69 67 67 66 66 67.5 -9999 -9999 -9999 -9999 -9999 -9999 -9999 -9999 -9999 -9999 -9999 -9999 -9999 -9999
1 1 1 1 1 1 1 1 1 1 1 1 1 1 1 1 1 1 1 1 1 1 1 1 1 1 1 1 1 1 1 1 1 1 1 1 1 1 1 1.3 16.3 27.2 35.2 38.2 36.1 37 54 70 75 67 55.8 43.7 36 30.6 27.7 28.1 31.2 36.1 43.6 53.7 67.7 85.8 103.6 119.4 104.1 90.5 84 82 80.7 78.8 75 72 68.7 66 65 64 64 65 -9999 -9999 -9999 -9999 -9999 -9999 -9999 -9999 -9999 -9999 -9999 -9999 -9999 -9999
1 1 1 1 1 1 1 1 1 1 1 1 1 1 1 1 1 1 1 1 1 1 1 1 1 1 1 1 1 1 1 1 1 1 1 1 1 1 1 1 6.8 19.7 24 22.9 21 36.9 55.9 75 79 69.9 56.5 44.8 35.8 30 26 26 28 32 38 49 63.6 81.7 97 111.8 118.1 101.7 97 99.7 95.9 92 85.1 77.8 71 67 64 63 62 63 -9999 -9999 -9999 -9999 -9999 -9999 -9999 -9999 -9999 -9999 -9999 -9999 -9999 -9999
1 1 1 1 1 1 1 1 1 1 1 1 1 1 1 1 1 1 1 1 1 1 1 1 1 1 1 1 1 1 1 1 1 1 1 1 1 1 1 1 2 11 12.8 10 21 37.8 54.4 78.4 82 71 58 45.9 36.9 29.8 26 25 25 29 36 47 61.6 76 90.8 104.7 122.9 114.2 112.8 122.1 118.3 112.2 103.2 89.2 76.4 69 65 62 61 61.5 -9999 -9999 -9999 -9999 -9999 -9999 -9999 -9999 -9999 -9999 -9999 -9999 -9999 -9999
1 1 1 1 1 1 1 1 1 1 1 1 1 1 1 1 4.5 1 1 1 1 1 1 1 1 1 1 1 1 1 1 1 1 1 1 1 1 1 1 1 1 4.7 3.7 6 18.3 34.3 48.1 66.1 83 70 57 47 38 31.9 26 24 24 27 33 43.7 57.5 71.1 84.6 100.6 114.7 119.3 109.7 126.4 144 132.4 121.5 105.5 87 73.6 67 63 60.7 60 -9999 -9999 -9999 -9999 -9999 -9999 -9999 -9999 -9999 -9999 -9999 -9999 -9999 -9999
1 1 1 1 1 1 1 1 1 1 1 1 1 1 1 2.1 6.3 1 1 1 1 1 1 1 1 1 1 1 1 1 1 1 1 1 1 1 1 1 1 1 1 1 1 1 10.7 25.7 37.8 50.1 58.9 61 56.1 48 43 36 28.9 24 24 26 31 39 50.1 62.5 75.5 90 104.6 113.8 97.3 100.4 116 135.9 140.6 122.4 100.8 81 70 65 62 59 -9999 -9999 -9999 -9999 -9999 -9999 -9999 -9999 -9999 -9999 -9999 -9999 -9999 -9999
1 1 1 1 1 1 1 1 1 1 1 1 1 1 1 1 1 1 1 1 1 1 1 1 1 1 1 1 1 1 1 1 1 1 1 1 1 1 1 1 1 1 1 1 1 12.1 24 34.6 39.9 42.8 46 49.6 50 43.5 33.5 25 24 27 31 38 45.3 56 66.9 80.9 93.4 100.3 89.4 79.5 88.2 106.1 124.4 138 115 92 75 67 63 60.3 -9999 -9999 -9999 -9999 -9999 -9999 -9999 -9999 -9999 -9999 -9999 -9999 -9999 -9999
1 1 1 1 1 1 1 1 1 1 1 1 1 1 1 1 1 1 1 1 1 1 1 1 1 1 1 1 1 1 1 1 1 1 1 1 1 1 1 1 1 1 1 1 1 1 8.8 18.7 23.7 25.6 31.5 45 54.9 50 38.1 27 24 27.1 32 38 43.8 50.1 62.3 76 85.7 88.2 83.1 64.2 67.1 82.1 102.4 119.7 126.2 102.4 82.1 70 65 62 -9999 -9999 -9999 -9999 -9999 -9999 -9999 -9999 -9999 -9999 -9999 -9999 -9999 -9999
1 1 1 1 1 1 2 1 1 1 1 1 1 1 1 1 1 1 1 1 1 1 1 1 1 1 1 1 1 1 1 1 1 1 1 1 1 1 1 1 1 1 1 1 1 1 1 3.8 8 14 25.9 40.7 51.1 54.2 41.2 28.1 23 26 31 36 43.1 54 65.2 76 77.2 72.2 67.1 59.1 50 62.5 79.5 97.7 116.4 113.5 91.7 75.6 67.7 64 -9999 -9999 -9999 -9999 -9999 -9999 -9999 -9999 -9999 -9999 -9999 -9999 -9999 -9999
1 1 1 1 1 1 1 1 1 1 1 1 1 2 1 1 1 1 1 1 1 1 1 1 1 1 1 1 1 1 1 1 1 1 1 1 1 1 1 1 1 1 1 1 1 1 1 1 6.8 23.4 37.7 46.5 52.6 54 43.2 29 22 24 27.6 34 42.5 53.1 66.1 75 70 58 50 46.9 36.5 42.7 58.6 75.8 94.6 121 104.3 85.2 73.1 66.1 -9999 -9999 -9999 -9999 -9999 -9999 -9999 -9999 -9999 -9999 -9999 -9999 -9999 -9999
1 1 1 1 1 1 1 1 1 1 1 1 1 1 1 1 1 1 1 1 1 1 1 1 1 1 1 1 1 1 1 1 1 1 1 1 1 1 1 1 1 1 1 1 1 1 1 1 5.5 25.4 50.5 55 57 51 39.2 28.3 21 21 24 30 39 50 61.2 68 61.8 51.7 40.7 32.9 28.7 27.2 39 55.7 74.2 102 117.2 98.2 83.2 71.2 -9999 -9999 -9999 -9999 -9999 -9999 -9999 -9999 -9999 -9999 -9999 -9999 -9999 -9999
