proj:       99
zone:       0
north:      4816456.47959
south:      4786456.47959
east:       6640084.54082
west:       6610084.54082
cols:       373
rows:       373
e-w resol:  80.42895442
n-s resol:  80.42895442
top:        1
bottom:     0
cols3:      2764
rows3:      2764
depths:     1
e-w resol3: 10.85383502
n-s resol3: 10.85383502
t-b resol:  1
